# Filename: guide/20231011step4D_Bulk_RP2_CA_Red_Ant1_RP1_RC_free_clp_RC.ascii
 
Time explicit
Intervalnr 1
0.74000001
6.3850000000e+02	1.3097235526e+00
6.3950000000e+02	1.4296942499e+00
6.4050000000e+02	1.6367039381e+00
6.4150000000e+02	1.7524130517e+00
6.4250000000e+02	1.8090023540e+00
6.4350000000e+02	1.9767407492e+00
6.4450000000e+02	1.7908330250e+00
6.4550000000e+02	2.2337167243e+00
6.4650000000e+02	2.1581897289e+00
6.4750000000e+02	2.3545448229e+00
6.4850000000e+02	2.6986430532e+00
6.4950000000e+02	2.0613142141e+00
6.5050000000e+02	2.8093540583e+00
6.5150000000e+02	2.4798778246e+00
6.5250000000e+02	2.4017299802e+00
6.5350000000e+02	2.5720971883e+00
6.5450000000e+02	2.6313863603e+00
6.5550000000e+02	2.6596215699e+00
6.5650000000e+02	3.0928088353e+00
6.5750000000e+02	3.1192131528e+00
6.5850000000e+02	3.6644107839e+00
6.5950000000e+02	3.5147399333e+00
6.6050000000e+02	3.4243713897e+00
6.6150000000e+02	3.4725484593e+00
6.6250000000e+02	3.1604012338e+00
6.6350000000e+02	3.1856836233e+00
6.6450000000e+02	2.9302368642e+00
6.6550000000e+02	3.0566957245e+00
6.6650000000e+02	3.0085805884e+00
6.6750000000e+02	3.0475031395e+00
6.6850000000e+02	3.1193963881e+00
6.6950000000e+02	2.9933135668e+00
6.7050000000e+02	2.7307478240e+00
6.7150000000e+02	2.8923401136e+00
6.7250000000e+02	2.4461708975e+00
6.7350000000e+02	2.6190485853e+00
6.7450000000e+02	2.6417352087e+00
6.7550000000e+02	2.4827062292e+00
6.7650000000e+02	2.7378711639e+00
6.7750000000e+02	2.2578339941e+00
6.7850000000e+02	2.9488498295e+00
6.7950000000e+02	2.3482971262e+00
6.8050000000e+02	2.2550351661e+00
6.8150000000e+02	-1.0110359908e-01
6.8250000000e+02	4.8913376073e-01
6.8350000000e+02	-2.1305435027e+00
6.8450000000e+02	-2.4422288085e+00
6.8550000000e+02	-4.1764635492e+00
6.8650000000e+02	-3.2419250337e+00
6.8750000000e+02	-8.6629899943e+00
6.8850000000e+02	-6.4166462103e+00
6.8950000000e+02	-8.6344495415e+00
6.9050000000e+02	-8.3716120515e+00
6.9150000000e+02	-8.4353433139e+00
6.9250000000e+02	-1.0700244785e+01
6.9350000000e+02	-9.7598143577e+00
6.9450000000e+02	-1.1224331881e+01
6.9550000000e+02	-1.2345366453e+01
6.9650000000e+02	-1.2347007529e+01
6.9750000000e+02	-1.1992171681e+01
6.9850000000e+02	-1.6253265108e+01
6.9950000000e+02	-1.1683740975e+01
7.0050000000e+02	-1.0847694733e+01
7.0150000000e+02	-1.0424654365e+01
7.0250000000e+02	-9.8405788612e+00
7.0350000000e+02	-1.4367100571e+01
7.0450000000e+02	-1.7065851585e+01
7.0550000000e+02	-1.3174576918e+01
7.0650000000e+02	-1.3642832469e+01
7.0750000000e+02	-7.3332510431e+00
7.0850000000e+02	-5.8803713463e+00
7.0950000000e+02	-6.8633356377e+00
7.1050000000e+02	-4.7777976142e+00
7.1150000000e+02	-3.2961729191e+00
7.1250000000e+02	-4.4118979516e+00
7.1350000000e+02	-2.4315827220e+00
7.1450000000e+02	-2.7762820472e+00
7.1550000000e+02	-3.2753930851e+00
7.1650000000e+02	-2.8324332892e-02
7.1750000000e+02	-2.1427904956e+00
7.1850000000e+02	-7.8554903650e-01
7.1950000000e+02	-7.4085998593e-01
7.2050000000e+02	-7.4638497162e-01
7.2150000000e+02	-1.6446805880e-01
7.2250000000e+02	-5.6535495494e-01
7.2350000000e+02	-1.5620220183e-02
7.2450000000e+02	1.9845057759e-01
7.2550000000e+02	-3.1946190807e-02
7.2650000000e+02	3.3658624839e-01
7.2750000000e+02	7.1224910860e-01
7.2850000000e+02	-2.6192632432e-01
7.2950000000e+02	-9.5943510073e-01
7.3050000000e+02	-2.1502171623e-01
7.3150000000e+02	-1.0370473644e-01
7.3250000000e+02	5.7421601867e-03
7.3350000000e+02	4.2107945455e-01
7.3450000000e+02	1.3805904963e-01
7.3550000000e+02	-7.1378925860e-01
7.3650000000e+02	3.1485679766e-01
7.3750000000e+02	-1.0553085952e-02
7.3850000000e+02	-1.9698669807e-01
7.3950000000e+02	-3.2316833950e-02
7.4050000000e+02	-1.2802603990e-01
7.4150000000e+02	-6.2406940226e-02
7.4250000000e+02	5.8923595203e-02
7.4350000000e+02	-7.5205288852e-02
7.4450000000e+02	-9.0958987430e-02
7.4550000000e+02	2.2470584121e-01
7.4650000000e+02	1.5399811574e-02
7.4750000000e+02	2.2397779468e-01
7.4850000000e+02	-2.6224464854e-01
7.4950000000e+02	1.6636312876e-03
7.5050000000e+02	-2.8743666942e-02
7.5150000000e+02	-5.9086433003e-02
7.5250000000e+02	4.7608346982e-02
7.5350000000e+02	-1.2996467294e-01
7.5450000000e+02	-1.4249444339e-01
7.5550000000e+02	-2.9757714143e-01
7.5650000000e+02	-2.7707047960e-01
7.5750000000e+02	-2.1050852699e-01
7.5850000000e+02	-4.2599235606e-01
7.5950000000e+02	-4.7647106291e-01
7.6050000000e+02	-4.7540014829e-01
7.6150000000e+02	-4.2989308320e-01
