# Filename: guide/20231011step4D_Bulk_RP2_CA_Red_Ant1_RP1_RC_free_clp_Bulk.ascii
 
Time explicit
Intervalnr 1
0.74000001
6.3850000000e+02	6.4600358290e-01
6.3950000000e+02	6.7046342920e-01
6.4050000000e+02	7.2706317082e-01
6.4150000000e+02	7.7036931408e-01
6.4250000000e+02	7.9746498941e-01
6.4350000000e+02	8.6837561396e-01
6.4450000000e+02	8.9518973650e-01
6.4550000000e+02	9.0606107291e-01
6.4650000000e+02	9.7066226046e-01
6.4750000000e+02	1.0095826618e+00
6.4850000000e+02	1.1296997060e+00
6.4950000000e+02	1.0573274325e+00
6.5050000000e+02	1.1258471740e+00
6.5150000000e+02	1.1071779156e+00
6.5250000000e+02	1.0997524640e+00
6.5350000000e+02	1.1331428200e+00
6.5450000000e+02	1.1130718468e+00
6.5550000000e+02	1.0488504282e+00
6.5650000000e+02	9.6404783473e-01
6.5750000000e+02	8.9020390428e-01
6.5850000000e+02	8.5069607925e-01
6.5950000000e+02	6.4416867800e-01
6.6050000000e+02	5.5078752350e-01
6.6150000000e+02	3.9218035031e-01
6.6250000000e+02	3.2298109601e-01
6.6350000000e+02	5.4272068849e-02
6.6450000000e+02	-1.2910021983e-01
6.6550000000e+02	-3.7560670243e-01
6.6650000000e+02	-6.7573548775e-01
6.6750000000e+02	-8.5753190238e-01
6.6850000000e+02	-1.1705488689e+00
6.6950000000e+02	-1.3913876207e+00
6.7050000000e+02	-1.6354089992e+00
6.7150000000e+02	-2.0186753985e+00
6.7250000000e+02	-2.3330408054e+00
6.7350000000e+02	-2.8205882703e+00
6.7450000000e+02	-3.3989368061e+00
6.7550000000e+02	-4.1501541391e+00
6.7650000000e+02	-5.1280773087e+00
6.7750000000e+02	-6.2092462732e+00
6.7850000000e+02	-7.8380758527e+00
6.7950000000e+02	-8.9043491314e+00
6.8050000000e+02	-1.0319597197e+01
6.8150000000e+02	-1.2341429583e+01
6.8250000000e+02	-1.3069673206e+01
6.8350000000e+02	-1.3897058511e+01
6.8450000000e+02	-1.4475082733e+01
6.8550000000e+02	-1.4787215525e+01
6.8650000000e+02	-1.4851083081e+01
6.8750000000e+02	-1.5137717005e+01
6.8850000000e+02	-1.3845977921e+01
6.8950000000e+02	-1.3370471377e+01
6.9050000000e+02	-1.2969184805e+01
6.9150000000e+02	-1.0980659058e+01
6.9250000000e+02	-1.0243948791e+01
6.9350000000e+02	-9.3517638060e+00
6.9450000000e+02	-8.0415801873e+00
6.9550000000e+02	-7.4753657449e+00
6.9650000000e+02	-6.3200181205e+00
6.9750000000e+02	-6.0850386833e+00
6.9850000000e+02	-5.9689284623e+00
6.9950000000e+02	-5.0584559543e+00
7.0050000000e+02	-4.7073513360e+00
7.0150000000e+02	-4.3496382467e+00
7.0250000000e+02	-3.7790610696e+00
7.0350000000e+02	-3.4526918961e+00
7.0450000000e+02	-2.4795240510e+00
7.0550000000e+02	-2.2824001867e+00
7.0650000000e+02	-2.0045847325e+00
7.0750000000e+02	-2.2837665462e+00
7.0850000000e+02	-2.0230498906e+00
7.0950000000e+02	-2.0648808970e+00
7.1050000000e+02	-1.5495488763e+00
7.1150000000e+02	-1.2788633953e+00
7.1250000000e+02	-1.3725814252e+00
7.1350000000e+02	-9.9278420323e-01
7.1450000000e+02	-1.0005607156e+00
7.1550000000e+02	-1.0737472940e+00
7.1650000000e+02	-4.7254553898e-01
7.1750000000e+02	-5.4750319632e-01
7.1850000000e+02	-5.1908546272e-01
7.1950000000e+02	-3.2989778409e-01
7.2050000000e+02	-3.6451599133e-01
7.2150000000e+02	-3.1841689031e-01
7.2250000000e+02	-2.0205267491e-01
7.2350000000e+02	-1.8138826457e-01
7.2450000000e+02	-1.6735632549e-01
7.2550000000e+02	-1.5201787465e-01
7.2650000000e+02	-1.8483510133e-01
7.2750000000e+02	-1.1444461993e-01
7.2850000000e+02	4.2886477524e-02
7.2950000000e+02	-4.5795185100e-03
7.3050000000e+02	-4.6813120299e-02
7.3150000000e+02	-4.8210966304e-02
7.3250000000e+02	-5.1297359729e-02
7.3350000000e+02	5.3865194444e-03
7.3450000000e+02	-5.6933732942e-02
7.3550000000e+02	-1.8886016020e-01
7.3650000000e+02	-9.0219822323e-02
7.3750000000e+02	-1.1674686851e-01
7.3850000000e+02	-9.4479989593e-02
7.3950000000e+02	-1.3239681432e-01
7.4050000000e+02	-1.3861919510e-01
7.4150000000e+02	-9.8805025514e-02
7.4250000000e+02	-1.4160529107e-01
7.4350000000e+02	-1.6937759630e-01
7.4450000000e+02	-1.1853293682e-01
7.4550000000e+02	-1.4147601851e-01
7.4650000000e+02	-1.4794995784e-01
7.4750000000e+02	-1.2903993125e-01
7.4850000000e+02	-1.4838775584e-01
7.4950000000e+02	-1.0534950928e-01
7.5050000000e+02	-1.0186833395e-01
7.5150000000e+02	-8.0660137930e-02
7.5250000000e+02	-6.9301908061e-02
7.5350000000e+02	-4.0801961447e-02
7.5450000000e+02	-8.3605575008e-03
7.5550000000e+02	9.8455483979e-03
7.5650000000e+02	3.7441330764e-02
7.5750000000e+02	3.2152404136e-02
7.5850000000e+02	5.7516391203e-02
7.5950000000e+02	7.9497496910e-02
7.6050000000e+02	1.2555589630e-01
7.6150000000e+02	9.5292786303e-02
