# Filename: guide/20231011step5_Bulk_RP2_CA_Red_Ant1_RP1_RC_free_Red2_clp_Bulk.ascii
 
Time explicit
Intervalnr 1
0.74000001
6.3850000000e+02	6.1755456736e-01
6.3950000000e+02	6.4258489888e-01
6.4050000000e+02	6.8990873742e-01
6.4150000000e+02	7.4814091103e-01
6.4250000000e+02	7.7926657901e-01
6.4350000000e+02	8.4713090741e-01
6.4450000000e+02	8.8025061391e-01
6.4550000000e+02	8.8970944335e-01
6.4650000000e+02	9.5484492102e-01
6.4750000000e+02	9.8579535518e-01
6.4850000000e+02	1.0851133228e+00
6.4950000000e+02	1.0530647057e+00
6.5050000000e+02	1.0895800870e+00
6.5150000000e+02	1.0838053548e+00
6.5250000000e+02	1.0883496884e+00
6.5350000000e+02	1.1031524190e+00
6.5450000000e+02	1.0697998390e+00
6.5550000000e+02	9.9774211473e-01
6.5650000000e+02	8.9254232816e-01
6.5750000000e+02	7.9560377839e-01
6.5850000000e+02	7.0886473198e-01
6.5950000000e+02	5.3564463215e-01
6.6050000000e+02	4.2842999975e-01
6.6150000000e+02	2.9292797526e-01
6.6250000000e+02	2.0837524127e-01
6.6350000000e+02	-3.3464443169e-02
6.6450000000e+02	-2.1459472186e-01
6.6550000000e+02	-4.6033454706e-01
6.6650000000e+02	-7.3651562196e-01
6.6750000000e+02	-9.2622503369e-01
6.6850000000e+02	-1.2287774029e+00
6.6950000000e+02	-1.4763685208e+00
6.7050000000e+02	-1.7195474383e+00
6.7150000000e+02	-2.0836109429e+00
6.7250000000e+02	-2.4278950286e+00
6.7350000000e+02	-2.9203407890e+00
6.7450000000e+02	-3.5574684084e+00
6.7550000000e+02	-4.3000507725e+00
6.7650000000e+02	-5.3678052673e+00
6.7750000000e+02	-6.4715462618e+00
6.7850000000e+02	-8.1924829527e+00
6.7950000000e+02	-9.3012471429e+00
6.8050000000e+02	-1.0798085854e+01
6.8150000000e+02	-1.2636818607e+01
6.8250000000e+02	-1.3599649924e+01
6.8350000000e+02	-1.4302778538e+01
6.8450000000e+02	-1.4956865476e+01
6.8550000000e+02	-1.5254278043e+01
6.8650000000e+02	-1.5452780044e+01
6.8750000000e+02	-1.5164406112e+01
6.8850000000e+02	-1.4109290976e+01
6.8950000000e+02	-1.3329607697e+01
6.9050000000e+02	-1.2926502207e+01
6.9150000000e+02	-1.0914197770e+01
6.9250000000e+02	-9.8304651448e+00
6.9350000000e+02	-9.0346293854e+00
6.9450000000e+02	-7.5693638312e+00
6.9550000000e+02	-6.7809022578e+00
6.9650000000e+02	-5.7436822689e+00
6.9750000000e+02	-5.5881053877e+00
6.9850000000e+02	-5.0775145916e+00
6.9950000000e+02	-4.1291649186e+00
7.0050000000e+02	-3.7608345600e+00
7.0150000000e+02	-3.3677433647e+00
7.0250000000e+02	-3.0864755382e+00
7.0350000000e+02	-2.7381320077e+00
7.0450000000e+02	-1.8426543582e+00
7.0550000000e+02	-1.6689983379e+00
7.0650000000e+02	-1.4167919387e+00
7.0750000000e+02	-1.5002823836e+00
7.0850000000e+02	-1.3664021113e+00
7.0950000000e+02	-1.2301071377e+00
7.1050000000e+02	-9.4035889569e-01
7.1150000000e+02	-9.2045925824e-01
7.1250000000e+02	-7.0754148854e-01
7.1350000000e+02	-6.2120359187e-01
7.1450000000e+02	-5.1371834276e-01
7.1550000000e+02	-4.6686215538e-01
7.1650000000e+02	-3.8148596836e-01
7.1750000000e+02	-3.1756269651e-01
7.1850000000e+02	-3.1699811156e-01
7.1950000000e+02	-2.1166363828e-01
7.2050000000e+02	-2.1203964917e-01
7.2150000000e+02	-1.6854151251e-01
7.2250000000e+02	-1.1993509058e-01
7.2350000000e+02	-7.6737479072e-02
7.2450000000e+02	-5.3255711983e-02
7.2550000000e+02	-9.4357593245e-03
7.2650000000e+02	-8.5918101680e-02
7.2750000000e+02	-1.3174682802e-01
7.2850000000e+02	-1.3245652972e-02
7.2950000000e+02	-7.5174712541e-03
7.3050000000e+02	-2.4353203690e-02
7.3150000000e+02	-4.8484248546e-02
7.3250000000e+02	-7.7148922103e-02
7.3350000000e+02	-2.1367359158e-02
7.3450000000e+02	-3.9993661749e-02
7.3550000000e+02	-1.1409282005e-01
7.3650000000e+02	-6.9803835773e-02
7.3750000000e+02	-9.3371918169e-02
7.3850000000e+02	-7.3253247376e-02
7.3950000000e+02	-1.1646132167e-01
7.4050000000e+02	-1.3711894662e-01
7.4150000000e+02	-8.4712218575e-02
7.4250000000e+02	-1.4647527732e-01
7.4350000000e+02	-1.5705047616e-01
7.4450000000e+02	-1.1649016494e-01
7.4550000000e+02	-9.9701001191e-02
7.4650000000e+02	-1.5617106582e-01
7.4750000000e+02	-1.1637167599e-01
7.4850000000e+02	-1.3760473019e-01
7.4950000000e+02	-9.8593348903e-02
7.5050000000e+02	-8.3497821633e-02
7.5150000000e+02	-6.0520651399e-02
7.5250000000e+02	-5.1055472565e-02
7.5350000000e+02	-1.1944703861e-02
7.5450000000e+02	1.7936621374e-02
7.5550000000e+02	3.2992679753e-02
7.5650000000e+02	4.7125696589e-02
7.5750000000e+02	4.1430611682e-02
7.5850000000e+02	7.3261443911e-02
7.5950000000e+02	9.3659272249e-02
7.6050000000e+02	1.3346449682e-01
7.6150000000e+02	1.2406864771e-01
