# Filename: guide/20231011step5_Bulk_RP2_CA_Red_Ant1_RP1_RC_free_Red2_clp_Red1.ascii
 
Time explicit
Intervalnr 1
0.74000001
6.3850000000e+02	1.1572491341e+00
6.3950000000e+02	1.2409932835e+00
6.4050000000e+02	1.2919300726e+00
6.4150000000e+02	1.2616201617e+00
6.4250000000e+02	1.3817106079e+00
6.4350000000e+02	1.4158014052e+00
6.4450000000e+02	1.6044990044e+00
6.4550000000e+02	1.7037875914e+00
6.4650000000e+02	1.7654064231e+00
6.4750000000e+02	1.9410506107e+00
6.4850000000e+02	1.9816349535e+00
6.4950000000e+02	2.2240512176e+00
6.5050000000e+02	2.3294414650e+00
6.5150000000e+02	2.4556548795e+00
6.5250000000e+02	2.5684835838e+00
6.5350000000e+02	2.7716380524e+00
6.5450000000e+02	2.9638516574e+00
6.5550000000e+02	3.1417170354e+00
6.5650000000e+02	3.2933206724e+00
6.5750000000e+02	3.6148310839e+00
6.5850000000e+02	3.6938267808e+00
6.5950000000e+02	3.8241520004e+00
6.6050000000e+02	3.7894603013e+00
6.6150000000e+02	3.7336839073e+00
6.6250000000e+02	3.8719800251e+00
6.6350000000e+02	3.6949725554e+00
6.6450000000e+02	3.6877613202e+00
6.6550000000e+02	3.4707117635e+00
6.6650000000e+02	3.3548584285e+00
6.6750000000e+02	3.0074505710e+00
6.6850000000e+02	2.7702050994e+00
6.6950000000e+02	2.6969170164e+00
6.7050000000e+02	2.4016184635e+00
6.7150000000e+02	2.1210684586e+00
6.7250000000e+02	2.0497697480e+00
6.7350000000e+02	1.7782674387e+00
6.7450000000e+02	1.9260680503e+00
6.7550000000e+02	1.5594387225e+00
6.7650000000e+02	1.7937173842e+00
6.7750000000e+02	1.6466680867e+00
6.7850000000e+02	1.6632684327e+00
6.7950000000e+02	1.6053491081e+00
6.8050000000e+02	1.4149766226e+00
6.8150000000e+02	9.3706543099e-01
6.8250000000e+02	9.9840089422e-01
6.8350000000e+02	5.3410627256e-01
6.8450000000e+02	-1.6304480981e-02
6.8550000000e+02	-4.9050625620e-01
6.8650000000e+02	-1.6356413305e+00
6.8750000000e+02	-3.1142553456e+00
6.8850000000e+02	-4.1130920918e+00
6.8950000000e+02	-5.4414505781e+00
6.9050000000e+02	-7.2062272272e+00
6.9150000000e+02	-7.1849566543e+00
6.9250000000e+02	-8.8651950227e+00
6.9350000000e+02	-9.3657633579e+00
6.9450000000e+02	-1.0428695206e+01
6.9550000000e+02	-1.1503238155e+01
6.9650000000e+02	-1.2200588704e+01
6.9750000000e+02	-1.2950224449e+01
6.9850000000e+02	-1.3293052554e+01
6.9950000000e+02	-1.4955459620e+01
7.0050000000e+02	-1.5321070668e+01
7.0150000000e+02	-1.5851703987e+01
7.0250000000e+02	-1.6989435841e+01
7.0350000000e+02	-1.6847142977e+01
7.0450000000e+02	-1.4909124368e+01
7.0550000000e+02	-1.4503623024e+01
7.0650000000e+02	-1.3963197930e+01
7.0750000000e+02	-1.4761093583e+01
7.0850000000e+02	-1.4192262588e+01
7.0950000000e+02	-1.4156732867e+01
7.1050000000e+02	-1.3408520434e+01
7.1150000000e+02	-1.2079775623e+01
7.1250000000e+02	-1.2275686515e+01
7.1350000000e+02	-1.1098802708e+01
7.1450000000e+02	-1.0925578356e+01
7.1550000000e+02	-1.0964981639e+01
7.1650000000e+02	-9.4769255708e+00
7.1750000000e+02	-9.3188945473e+00
7.1850000000e+02	-8.4803852592e+00
7.1950000000e+02	-7.8336879407e+00
7.2050000000e+02	-7.2932490309e+00
7.2150000000e+02	-7.0746963776e+00
7.2250000000e+02	-6.3912118390e+00
7.2350000000e+02	-5.8915282985e+00
7.2450000000e+02	-5.6399721209e+00
7.2550000000e+02	-5.4876838341e+00
7.2650000000e+02	-4.9338267622e+00
7.2750000000e+02	-4.4234859741e+00
7.2850000000e+02	-4.3511752318e+00
7.2950000000e+02	-3.7885834621e+00
7.3050000000e+02	-3.4469256879e+00
7.3150000000e+02	-3.0851421766e+00
7.3250000000e+02	-2.7088336097e+00
7.3350000000e+02	-2.7074441121e+00
7.3450000000e+02	-2.6267474952e+00
7.3550000000e+02	-2.6522063680e+00
7.3650000000e+02	-2.0997045861e+00
7.3750000000e+02	-1.8931357935e+00
7.3850000000e+02	-1.9102371673e+00
7.3950000000e+02	-1.7202620334e+00
7.4050000000e+02	-1.5975397510e+00
7.4150000000e+02	-1.5899293281e+00
7.4250000000e+02	-1.3033582519e+00
7.4350000000e+02	-1.2816729301e+00
7.4450000000e+02	-1.2494588535e+00
7.4550000000e+02	-1.3125636917e+00
7.4650000000e+02	-9.6563114263e-01
7.4750000000e+02	-1.0113814906e+00
7.4850000000e+02	-9.8889673291e-01
7.4950000000e+02	-8.6701192242e-01
7.5050000000e+02	-8.7254624326e-01
7.5150000000e+02	-8.3947660937e-01
7.5250000000e+02	-7.8359668308e-01
7.5350000000e+02	-7.9795710643e-01
7.5450000000e+02	-7.8899777028e-01
7.5550000000e+02	-7.5128699940e-01
7.5650000000e+02	-6.1072603133e-01
7.5750000000e+02	-5.4217531640e-01
7.5850000000e+02	-5.8628915984e-01
7.5950000000e+02	-5.8044965804e-01
7.6050000000e+02	-5.0717770725e-01
7.6150000000e+02	-5.8019445233e-01
