# Filename: guide/20231011step5_Bulk_RP2_CA_Red_Ant1_RP1_RC_free_Red2_clp_Red1_fitted.ascii
 
Time explicit
Intervalnr 1
0.74000001
6.3850000000e+02	7.9017947793e-01
6.3950000000e+02	9.0121079360e-01
6.4050000000e+02	1.0214890530e+00
6.4150000000e+02	1.1506871323e+00
6.4250000000e+02	1.2882687257e+00
6.4350000000e+02	1.4334770537e+00
6.4450000000e+02	1.5853291860e+00
6.4550000000e+02	1.7426167906e+00
6.4650000000e+02	1.9039139337e+00
6.4750000000e+02	2.0675923018e+00
6.4850000000e+02	2.2318439372e+00
6.4950000000e+02	2.3947112635e+00
6.5050000000e+02	2.5541238489e+00
6.5150000000e+02	2.7079410325e+00
6.5250000000e+02	2.8539992385e+00
6.5350000000e+02	2.9901625370e+00
6.5450000000e+02	3.1143748032e+00
6.5550000000e+02	3.2247116881e+00
6.5650000000e+02	3.3194305518e+00
6.5750000000e+02	3.3970165376e+00
6.5850000000e+02	3.4562230715e+00
6.5950000000e+02	3.4961052699e+00
6.6050000000e+02	3.5160449998e+00
6.6150000000e+02	3.5157666663e+00
6.6250000000e+02	3.4953431700e+00
6.6350000000e+02	3.4551918738e+00
6.6450000000e+02	3.3960608186e+00
6.6550000000e+02	3.3190058092e+00
6.6650000000e+02	3.2253593404e+00
6.6750000000e+02	3.1166926308e+00
6.6850000000e+02	2.9947722587e+00
6.6950000000e+02	2.8615130530e+00
6.7050000000e+02	2.7189289665e+00
6.7150000000e+02	2.5690836553e+00
6.7250000000e+02	2.4140423979e+00
6.7350000000e+02	2.2558262639e+00
6.7450000000e+02	2.0963600159e+00
6.7550000000e+02	1.9373500885e+00
6.7650000000e+02	1.7798957791e+00
6.7750000000e+02	1.6235520964e+00
6.7850000000e+02	1.4647726500e+00
6.7950000000e+02	1.2951534558e+00
6.8050000000e+02	1.1002948496e+00
6.8150000000e+02	8.6004712541e-01
6.8250000000e+02	5.5041884620e-01
6.8350000000e+02	1.4680936189e-01
6.8450000000e+02	-3.7220450677e-01
6.8550000000e+02	-1.0214010202e+00
6.8650000000e+02	-1.8064556768e+00
6.8750000000e+02	-2.7228512665e+00
6.8850000000e+02	-3.7561733217e+00
6.8950000000e+02	-4.8835510686e+00
6.9050000000e+02	-6.0758644421e+00
6.9150000000e+02	-7.3003073683e+00
6.9250000000e+02	-8.5229454598e+00
6.9350000000e+02	-9.7109967265e+00
6.9450000000e+02	-1.0834666599e+01
6.9550000000e+02	-1.1868462786e+01
6.9650000000e+02	-1.2791990134e+01
6.9750000000e+02	-1.3590277172e+01
6.9850000000e+02	-1.4253715737e+01
6.9950000000e+02	-1.4777706978e+01
7.0050000000e+02	-1.5162105958e+01
7.0150000000e+02	-1.5410547665e+01
7.0250000000e+02	-1.5529723392e+01
7.0350000000e+02	-1.5528661047e+01
7.0450000000e+02	-1.5418048024e+01
7.0550000000e+02	-1.5209621971e+01
7.0650000000e+02	-1.4915643707e+01
7.0750000000e+02	-1.4548457877e+01
7.0850000000e+02	-1.4120140491e+01
7.0950000000e+02	-1.3642228094e+01
7.1050000000e+02	-1.3125520520e+01
7.1150000000e+02	-1.2579947721e+01
7.1250000000e+02	-1.2014490665e+01
7.1350000000e+02	-1.1437146508e+01
7.1450000000e+02	-1.0854928862e+01
7.1550000000e+02	-1.0273894941e+01
7.1650000000e+02	-9.6991924058e+00
7.1750000000e+02	-9.1351198309e+00
7.1850000000e+02	-8.5851957562e+00
7.1950000000e+02	-8.0522322819e+00
7.2050000000e+02	-7.5384100256e+00
7.2150000000e+02	-7.0453520268e+00
7.2250000000e+02	-6.5741948271e+00
7.2350000000e+02	-6.1256554881e+00
7.2450000000e+02	-5.7000937478e+00
7.2550000000e+02	-5.2975688590e+00
7.2650000000e+02	-4.9178909226e+00
7.2750000000e+02	-4.5606667316e+00
7.2850000000e+02	-4.2253402917e+00
7.2950000000e+02	-3.9112282840e+00
7.3050000000e+02	-3.6175508093e+00
7.3150000000e+02	-3.3434577881e+00
7.3250000000e+02	-3.0880514145e+00
7.3350000000e+02	-2.8504050585e+00
7.3450000000e+02	-2.6295790088e+00
7.3550000000e+02	-2.4246334240e+00
7.3650000000e+02	-2.2346388419e+00
7.3750000000e+02	-2.0586845671e+00
7.3850000000e+02	-1.8958852310e+00
7.3950000000e+02	-1.7453857886e+00
7.4050000000e+02	-1.6063651898e+00
7.4150000000e+02	-1.4780389351e+00
7.4250000000e+02	-1.3596607011e+00
7.4350000000e+02	-1.2505231983e+00
7.4450000000e+02	-1.1499584011e+00
7.4550000000e+02	-1.0573372721e+00
7.4650000000e+02	-9.7206908440e-01
7.4750000000e+02	-8.9360043132e-01
7.4850000000e+02	-8.2141399700e-01
7.4950000000e+02	-7.5502715260e-01
7.5050000000e+02	-6.9399042960e-01
7.5150000000e+02	-6.3788591409e-01
7.5250000000e+02	-5.8632559769e-01
7.5350000000e+02	-5.3894971380e-01
7.5450000000e+02	-4.9542508268e-01
7.5550000000e+02	-4.5544348342e-01
7.5650000000e+02	-4.1872006710e-01
7.5750000000e+02	-3.8499182189e-01
7.5850000000e+02	-3.5401609788e-01
7.5950000000e+02	-3.2556919721e-01
7.6050000000e+02	-2.9944503295e-01
7.6150000000e+02	-2.7545385870e-01
