# Filename: guide/20231011step5_Bulk_RP2_CA_Red_Ant1_RP1_RC_free_Red2_clp_Ant1.ascii
 
Time explicit
Intervalnr 1
0.74000001
6.3850000000e+02	1.2420471128e+00
6.3950000000e+02	1.3174901981e+00
6.4050000000e+02	1.4033603569e+00
6.4150000000e+02	1.4678171687e+00
6.4250000000e+02	1.5102032216e+00
6.4350000000e+02	1.5752628454e+00
6.4450000000e+02	1.5576189664e+00
6.4550000000e+02	1.5998628771e+00
6.4650000000e+02	1.5625077036e+00
6.4750000000e+02	1.5905226480e+00
6.4850000000e+02	1.5684475975e+00
6.4950000000e+02	1.4379222041e+00
6.5050000000e+02	1.4505593190e+00
6.5150000000e+02	1.2652240719e+00
6.5250000000e+02	1.1653836677e+00
6.5350000000e+02	1.0895585749e+00
6.5450000000e+02	9.8473576455e-01
6.5550000000e+02	8.4382195136e-01
6.5650000000e+02	7.3714522036e-01
6.5750000000e+02	6.0211096594e-01
6.5850000000e+02	4.2522358451e-01
6.5950000000e+02	1.3145634975e-01
6.6050000000e+02	-3.0568522485e-01
6.6150000000e+02	-7.6560131472e-01
6.6250000000e+02	-1.3285719263e+00
6.6350000000e+02	-1.8818199478e+00
6.6450000000e+02	-2.4308339034e+00
6.6550000000e+02	-2.9097382326e+00
6.6650000000e+02	-3.4293679857e+00
6.6750000000e+02	-3.9288586548e+00
6.6850000000e+02	-4.4451360475e+00
6.6950000000e+02	-5.0617467088e+00
6.7050000000e+02	-5.6381518562e+00
6.7150000000e+02	-6.0752886123e+00
6.7250000000e+02	-6.6125808559e+00
6.7350000000e+02	-7.1902282612e+00
6.7450000000e+02	-7.7817881595e+00
6.7550000000e+02	-8.3124040612e+00
6.7650000000e+02	-9.1702509533e+00
6.7750000000e+02	-1.0000292260e+01
6.7850000000e+02	-1.1671806927e+01
6.7950000000e+02	-1.2057603029e+01
6.8050000000e+02	-1.3111090661e+01
6.8150000000e+02	-1.4266023572e+01
6.8250000000e+02	-1.4510608310e+01
6.8350000000e+02	-1.4383354058e+01
6.8450000000e+02	-1.4013331870e+01
6.8550000000e+02	-1.3428928633e+01
6.8650000000e+02	-1.2884931846e+01
6.8750000000e+02	-1.2034938042e+01
6.8850000000e+02	-1.0433093928e+01
6.8950000000e+02	-9.3448359032e+00
6.9050000000e+02	-8.6142687213e+00
6.9150000000e+02	-6.7531633311e+00
6.9250000000e+02	-5.7769765451e+00
6.9350000000e+02	-4.8004543985e+00
6.9450000000e+02	-3.8216433893e+00
6.9550000000e+02	-3.1592969860e+00
6.9650000000e+02	-2.4380193250e+00
6.9750000000e+02	-1.7801316639e+00
6.9850000000e+02	-1.9417846664e+00
6.9950000000e+02	-9.2510146360e-01
7.0050000000e+02	-4.4709205210e-01
7.0150000000e+02	-2.2239369836e-01
7.0250000000e+02	-2.3484987838e-01
7.0350000000e+02	-1.1969870222e-01
7.0450000000e+02	1.0746743265e-01
7.0550000000e+02	1.3344267309e-01
7.0650000000e+02	2.2379041920e-01
7.0750000000e+02	7.1977406515e-01
7.0850000000e+02	7.4578409627e-01
7.0950000000e+02	7.6995016092e-01
7.1050000000e+02	8.2478280150e-01
7.1150000000e+02	7.7090831269e-01
7.1250000000e+02	8.1982005498e-01
7.1350000000e+02	7.8769356124e-01
7.1450000000e+02	7.6416250003e-01
7.1550000000e+02	8.1400701915e-01
7.1650000000e+02	6.8038461437e-01
7.1750000000e+02	6.2628472482e-01
7.1850000000e+02	6.5354333938e-01
7.1950000000e+02	5.5283374888e-01
7.2050000000e+02	4.7250966087e-01
7.2150000000e+02	4.8078352330e-01
7.2250000000e+02	4.0871931766e-01
7.2350000000e+02	3.2299411125e-01
7.2450000000e+02	2.9921253321e-01
7.2550000000e+02	2.1224614484e-01
7.2650000000e+02	1.2678083932e-01
7.2750000000e+02	3.5543092761e-02
7.2850000000e+02	3.8011624370e-03
7.2950000000e+02	-1.2942861962e-01
7.3050000000e+02	-9.4851870918e-02
7.3150000000e+02	-2.0373817331e-01
7.3250000000e+02	-2.6732356193e-01
7.3350000000e+02	-2.9933918468e-01
7.3450000000e+02	-3.2051863583e-01
7.3550000000e+02	-3.2547036429e-01
7.3650000000e+02	-3.1042422676e-01
7.3750000000e+02	-3.3143494214e-01
7.3850000000e+02	-4.1814150515e-01
7.3950000000e+02	-3.9279220684e-01
7.4050000000e+02	-3.8542077935e-01
7.4150000000e+02	-3.7923290950e-01
7.4250000000e+02	-3.6810831345e-01
7.4350000000e+02	-3.7148960025e-01
7.4450000000e+02	-3.1832755628e-01
7.4550000000e+02	-3.1080661426e-01
7.4650000000e+02	-2.8458611294e-01
7.4750000000e+02	-2.6786252285e-01
7.4850000000e+02	-2.4979850100e-01
7.4950000000e+02	-2.3337530525e-01
7.5050000000e+02	-1.7016709452e-01
7.5150000000e+02	-1.6663911599e-01
7.5250000000e+02	-1.1432278068e-01
7.5350000000e+02	-9.6944165974e-02
7.5450000000e+02	-7.0890744740e-02
7.5550000000e+02	-1.7854556106e-02
7.5650000000e+02	-1.7242083426e-02
7.5750000000e+02	4.8658413757e-02
7.5850000000e+02	6.7937766370e-02
7.5950000000e+02	8.9521669243e-02
7.6050000000e+02	1.3001322368e-01
7.6150000000e+02	1.1059466717e-01
