# Filename: guide/20231011step5_Bulk_RP2_CA_Red_Ant1_RP1_RC_free_Red2_clp_RP2.ascii
 
Time explicit
Intervalnr 1
0.74000001
6.3850000000e+02	-5.2387603176e-01
6.3950000000e+02	-5.3370871939e-01
6.4050000000e+02	-5.4556625248e-01
6.4150000000e+02	-5.4609115471e-01
6.4250000000e+02	-5.5359666518e-01
6.4350000000e+02	-5.8099000500e-01
6.4450000000e+02	-6.0189594214e-01
6.4550000000e+02	-6.0767584345e-01
6.4650000000e+02	-6.4377837008e-01
6.4750000000e+02	-6.6070277468e-01
6.4850000000e+02	-7.1559058207e-01
6.4950000000e+02	-7.3979886566e-01
6.5050000000e+02	-7.6918445155e-01
6.5150000000e+02	-8.1260013015e-01
6.5250000000e+02	-8.3444269548e-01
6.5350000000e+02	-8.4619885540e-01
6.5450000000e+02	-8.6918277398e-01
6.5550000000e+02	-8.7693375680e-01
6.5650000000e+02	-8.7115900534e-01
6.5750000000e+02	-8.7933055885e-01
6.5850000000e+02	-8.6841792286e-01
6.5950000000e+02	-8.6309838328e-01
6.6050000000e+02	-8.6901995938e-01
6.6150000000e+02	-8.2436162686e-01
6.6250000000e+02	-8.4350868732e-01
6.6350000000e+02	-8.1090019309e-01
6.6450000000e+02	-7.8970232233e-01
6.6550000000e+02	-7.6397575672e-01
6.6650000000e+02	-7.4366703858e-01
6.6750000000e+02	-6.6172497574e-01
6.6850000000e+02	-6.4231504698e-01
6.6950000000e+02	-6.0302024304e-01
6.7050000000e+02	-6.2168710754e-01
6.7150000000e+02	-6.6857084594e-01
6.7250000000e+02	-7.0467475937e-01
6.7350000000e+02	-7.9450327665e-01
6.7450000000e+02	-8.5224724798e-01
6.7550000000e+02	-9.0995739855e-01
6.7650000000e+02	-9.5131828059e-01
6.7750000000e+02	-1.0163973165e+00
6.7850000000e+02	-1.1803889749e+00
6.7950000000e+02	-1.3166547387e+00
6.8050000000e+02	-1.5584905183e+00
6.8150000000e+02	-1.9446825657e+00
6.8250000000e+02	-2.0209605730e+00
6.8350000000e+02	-2.0190426771e+00
6.8450000000e+02	-1.8040878714e+00
6.8550000000e+02	-1.3822619801e+00
6.8650000000e+02	-8.2621795165e-01
6.8750000000e+02	-1.7654201642e-01
6.8850000000e+02	4.7482955287e-01
6.8950000000e+02	9.0345639118e-01
6.9050000000e+02	1.1485561622e+00
6.9150000000e+02	1.1121279152e+00
6.9250000000e+02	9.1863063722e-01
6.9350000000e+02	5.7966672161e-01
6.9450000000e+02	8.1507882203e-02
6.9550000000e+02	-4.5354847756e-01
6.9650000000e+02	-1.0623603601e+00
6.9750000000e+02	-1.6420371622e+00
6.9850000000e+02	-2.3005415509e+00
6.9950000000e+02	-2.7060116410e+00
7.0050000000e+02	-3.0347909459e+00
7.0150000000e+02	-3.2521009894e+00
7.0250000000e+02	-3.4363744538e+00
7.0350000000e+02	-3.6848000028e+00
7.0450000000e+02	-3.3313525011e+00
7.0550000000e+02	-3.0328488286e+00
7.0650000000e+02	-2.9250321342e+00
7.0750000000e+02	-2.7963726094e+00
7.0850000000e+02	-2.6421022380e+00
7.0950000000e+02	-2.5271397339e+00
7.1050000000e+02	-2.3400785167e+00
7.1150000000e+02	-2.1560632468e+00
7.1250000000e+02	-2.0045765267e+00
7.1350000000e+02	-1.8308258443e+00
7.1450000000e+02	-1.7385890633e+00
7.1550000000e+02	-1.6769173644e+00
7.1650000000e+02	-1.4191504112e+00
7.1750000000e+02	-1.3308600773e+00
7.1850000000e+02	-1.2000727972e+00
7.1950000000e+02	-1.0970119735e+00
7.2050000000e+02	-1.0161134898e+00
7.2150000000e+02	-9.0057785244e-01
7.2250000000e+02	-8.2573164744e-01
7.2350000000e+02	-7.2198681402e-01
7.2450000000e+02	-6.6374001357e-01
7.2550000000e+02	-6.7096379712e-01
7.2650000000e+02	-6.2497991503e-01
7.2750000000e+02	-4.8430812755e-01
7.2850000000e+02	-4.1371058979e-01
7.2950000000e+02	-3.6848428567e-01
7.3050000000e+02	-3.1208253822e-01
7.3150000000e+02	-2.8027360220e-01
7.3250000000e+02	-2.3208276690e-01
7.3350000000e+02	-2.1197208013e-01
7.3450000000e+02	-1.6099340880e-01
7.3550000000e+02	-1.3154202902e-01
7.3650000000e+02	-1.0232154288e-01
7.3750000000e+02	-6.9727908713e-02
7.3850000000e+02	-5.3742272133e-02
7.3950000000e+02	-2.7258107055e-02
7.4050000000e+02	8.7101460139e-03
7.4150000000e+02	3.0294010869e-02
7.4250000000e+02	4.1505360628e-02
7.4350000000e+02	6.2080553536e-02
7.4450000000e+02	7.5750974726e-02
7.4550000000e+02	8.9768380117e-02
7.4650000000e+02	1.0260868916e-01
7.4750000000e+02	1.1912003649e-01
7.4850000000e+02	1.3738763849e-01
7.4950000000e+02	1.2387758955e-01
7.5050000000e+02	1.3950973897e-01
7.5150000000e+02	1.4431683708e-01
7.5250000000e+02	1.4785085740e-01
7.5350000000e+02	1.6372926174e-01
7.5450000000e+02	1.6177753530e-01
7.5550000000e+02	1.6635278598e-01
7.5650000000e+02	1.6868703592e-01
7.5750000000e+02	1.7545783805e-01
7.5850000000e+02	1.7835128276e-01
7.5950000000e+02	1.8095434729e-01
7.6050000000e+02	1.8634920025e-01
7.6150000000e+02	1.9460178222e-01
