# Filename: guide/20231016global_670TR2_clp_br5.ascii
 
Time explicit
Intervalnr 1
0.74000001
6.3850000000e+02	-4.8475475076e-01
6.3950000000e+02	-4.9397787156e-01
6.4050000000e+02	-5.0423844420e-01
6.4150000000e+02	-5.0698276069e-01
6.4250000000e+02	-5.1300016849e-01
6.4350000000e+02	-5.3994474899e-01
6.4450000000e+02	-5.5908442958e-01
6.4550000000e+02	-5.6536148557e-01
6.4650000000e+02	-5.9926347508e-01
6.4750000000e+02	-6.1600449039e-01
6.4850000000e+02	-6.6476669278e-01
6.4950000000e+02	-6.9109994085e-01
6.5050000000e+02	-7.1564597582e-01
6.5150000000e+02	-7.5855363156e-01
6.5250000000e+02	-7.8176588254e-01
6.5350000000e+02	-7.9152924963e-01
6.5450000000e+02	-8.1248218609e-01
6.5550000000e+02	-8.2096910518e-01
6.5650000000e+02	-8.1644626668e-01
6.5750000000e+02	-8.2344533571e-01
6.5850000000e+02	-8.1013546135e-01
6.5950000000e+02	-8.0783729622e-01
6.6050000000e+02	-8.1423838807e-01
6.6150000000e+02	-7.7400854801e-01
6.6250000000e+02	-7.9147529709e-01
6.6350000000e+02	-7.6292190225e-01
6.6450000000e+02	-7.4391851085e-01
6.6550000000e+02	-7.2030535122e-01
6.6650000000e+02	-7.0612596099e-01
6.6750000000e+02	-6.2829703288e-01
6.6850000000e+02	-6.1458006379e-01
6.6950000000e+02	-5.7471216654e-01
6.7050000000e+02	-5.9047898866e-01
6.7150000000e+02	-6.3578124621e-01
6.7250000000e+02	-6.7105859163e-01
6.7350000000e+02	-7.5434582074e-01
6.7450000000e+02	-8.0625534809e-01
6.7550000000e+02	-8.6290614651e-01
6.7650000000e+02	-8.9636677286e-01
6.7750000000e+02	-9.5773310536e-01
6.7850000000e+02	-1.1116312253e+00
6.7950000000e+02	-1.2400324206e+00
6.8050000000e+02	-1.4577412395e+00
6.8150000000e+02	-1.6703546845e+00
6.8250000000e+02	-1.8136155026e+00
6.8350000000e+02	-1.7735532312e+00
6.8450000000e+02	-1.5990261434e+00
6.8550000000e+02	-1.2064003431e+00
6.8650000000e+02	-7.2295983579e-01
6.8750000000e+02	-3.2020774199e-02
6.8850000000e+02	5.3181287003e-01
6.8950000000e+02	9.5634881416e-01
6.9050000000e+02	1.1168675545e+00
6.9150000000e+02	1.0786409653e+00
6.9250000000e+02	8.8827779035e-01
6.9350000000e+02	5.6121681231e-01
6.9450000000e+02	7.7981151204e-02
6.9550000000e+02	-4.4057775236e-01
6.9650000000e+02	-1.0263526258e+00
6.9750000000e+02	-1.6172663853e+00
6.9850000000e+02	-2.2657608073e+00
6.9950000000e+02	-2.6150885340e+00
7.0050000000e+02	-2.9319879248e+00
7.0150000000e+02	-3.1415002669e+00
7.0250000000e+02	-3.3836866589e+00
7.0350000000e+02	-3.6270310583e+00
7.0450000000e+02	-3.2779168521e+00
7.0550000000e+02	-2.9848762136e+00
7.0650000000e+02	-2.8775516898e+00
7.0750000000e+02	-2.6982776274e+00
7.0850000000e+02	-2.5510783239e+00
7.0950000000e+02	-2.4381894237e+00
7.1050000000e+02	-2.2578090886e+00
7.1150000000e+02	-2.0807071829e+00
7.1250000000e+02	-1.9345915785e+00
7.1350000000e+02	-1.7661669264e+00
7.1450000000e+02	-1.6775878769e+00
7.1550000000e+02	-1.6187985425e+00
7.1650000000e+02	-1.3672499789e+00
7.1750000000e+02	-1.2819137439e+00
7.1850000000e+02	-1.1563426452e+00
7.1950000000e+02	-1.0565572880e+00
7.2050000000e+02	-9.7857083942e-01
7.2150000000e+02	-8.6739156160e-01
7.2250000000e+02	-7.9500280916e-01
7.2350000000e+02	-6.9503295386e-01
7.2450000000e+02	-6.3998181726e-01
7.2550000000e+02	-6.4807389859e-01
7.2650000000e+02	-6.0199003360e-01
7.2750000000e+02	-4.6511957441e-01
7.2850000000e+02	-3.9674946506e-01
7.2950000000e+02	-3.5364661235e-01
7.3050000000e+02	-2.9930834567e-01
7.3150000000e+02	-2.8082520654e-01
7.3250000000e+02	-2.2896451166e-01
7.3350000000e+02	-1.7849889892e-01
7.3450000000e+02	-1.2841497641e-01
7.3550000000e+02	-1.0480839624e-01
7.3650000000e+02	-9.5962301635e-02
7.3750000000e+02	-4.3802141024e-02
7.3850000000e+02	-3.5946836501e-02
7.3950000000e+02	2.9740768118e-04
7.4050000000e+02	3.9736871316e-02
7.4150000000e+02	3.9021821128e-02
7.4250000000e+02	4.5941561614e-02
7.4350000000e+02	6.7489396635e-02
7.4450000000e+02	7.6314632734e-02
7.4550000000e+02	1.1055343502e-01
7.4650000000e+02	9.7054772227e-02
7.4750000000e+02	1.2006693985e-01
7.4850000000e+02	1.3502688377e-01
7.4950000000e+02	1.2400580874e-01
7.5050000000e+02	1.3325164777e-01
7.5150000000e+02	1.3859363248e-01
7.5250000000e+02	1.4185334524e-01
7.5350000000e+02	1.5722516559e-01
7.5450000000e+02	1.5519999569e-01
7.5550000000e+02	1.5991030315e-01
7.5650000000e+02	1.6257610325e-01
7.5750000000e+02	1.6833204833e-01
7.5850000000e+02	1.7145839299e-01
7.5950000000e+02	1.7415021974e-01
7.6050000000e+02	2.0470196571e-01
7.6150000000e+02	2.1314333161e-01
