# Filename: guide/20231011step5_Bulk_RP2_CA_Red_Ant1_RP1_RC_free_Red2_clp_Red2_fitted.ascii
 
Time explicit
Intervalnr 1
0.74000001
6.3850000000e+02	5.6785835133e-01
6.3950000000e+02	6.8880302018e-01
6.4050000000e+02	8.1877562299e-01
6.4150000000e+02	9.5627006770e-01
6.4250000000e+02	1.0997276926e+00
6.4350000000e+02	1.2475905996e+00
6.4450000000e+02	1.3983440682e+00
6.4550000000e+02	1.5505488127e+00
6.4650000000e+02	1.7028642139e+00
6.4750000000e+02	1.8540638193e+00
6.4850000000e+02	2.0030444180e+00
6.4950000000e+02	2.1488299275e+00
6.5050000000e+02	2.2905712087e+00
6.5150000000e+02	2.4275427856e+00
6.5250000000e+02	2.5591372994e+00
6.5350000000e+02	2.6848583839e+00
6.5450000000e+02	2.8043125250e+00
6.5550000000e+02	2.9172003497e+00
6.5650000000e+02	3.0233076942e+00
6.5750000000e+02	3.1224967154e+00
6.5850000000e+02	3.2146972448e+00
6.5950000000e+02	3.2998985241e+00
6.6050000000e+02	3.3781414184e+00
6.6150000000e+02	3.4495111682e+00
6.6250000000e+02	3.5141307096e+00
6.6350000000e+02	3.5721545766e+00
6.6450000000e+02	3.6237633767e+00
6.6550000000e+02	3.6691588259e+00
6.6650000000e+02	3.7085593159e+00
6.6750000000e+02	3.7421959839e+00
6.6850000000e+02	3.7703092506e+00
6.6950000000e+02	3.7931457914e+00
6.7050000000e+02	3.8109559038e+00
6.7150000000e+02	3.8239912367e+00
6.7250000000e+02	3.8325028466e+00
6.7350000000e+02	3.8367395480e+00
6.7450000000e+02	3.8369465265e+00
6.7550000000e+02	3.8333641874e+00
6.7650000000e+02	3.8262272118e+00
6.7750000000e+02	3.8157637958e+00
6.7850000000e+02	3.8021950512e+00
6.7950000000e+02	3.7857345470e+00
6.8050000000e+02	3.7665879730e+00
6.8150000000e+02	3.7449529094e+00
6.8250000000e+02	3.7210168511e+00
6.8350000000e+02	3.6947805171e+00
6.8450000000e+02	3.6640711413e+00
6.8550000000e+02	3.6188666872e+00
6.8650000000e+02	3.5367249059e+00
6.8750000000e+02	3.3855641603e+00
6.8850000000e+02	3.1324462236e+00
6.8950000000e+02	2.7527444939e+00
6.9050000000e+02	2.2357207227e+00
6.9150000000e+02	1.5856689406e+00
6.9250000000e+02	8.1973062452e-01
6.9350000000e+02	-3.5988048134e-02
6.9450000000e+02	-9.5063722192e-01
6.9550000000e+02	-1.8923359372e+00
6.9650000000e+02	-2.8309919952e+00
6.9750000000e+02	-3.7401622284e+00
6.9850000000e+02	-4.5980628538e+00
6.9950000000e+02	-5.3879131709e+00
7.0050000000e+02	-6.0978062566e+00
7.0150000000e+02	-6.7202780607e+00
7.0250000000e+02	-7.2517113762e+00
7.0350000000e+02	-7.6916749305e+00
7.0450000000e+02	-8.0422659016e+00
7.0550000000e+02	-8.3074985470e+00
7.0650000000e+02	-8.4927624427e+00
7.0750000000e+02	-8.6043602918e+00
7.0850000000e+02	-8.6491262604e+00
7.0950000000e+02	-8.6341202395e+00
7.1050000000e+02	-8.5663903551e+00
7.1150000000e+02	-8.4527946794e+00
7.1250000000e+02	-8.2998728413e+00
7.1350000000e+02	-8.1137586681e+00
7.1450000000e+02	-7.9001258044e+00
7.1550000000e+02	-7.6641592436e+00
7.1650000000e+02	-7.4105467413e+00
7.1750000000e+02	-7.1434850760e+00
7.1850000000e+02	-6.8666970335e+00
7.1950000000e+02	-6.5834557950e+00
7.2050000000e+02	-6.2966141086e+00
7.2150000000e+02	-6.0086362029e+00
7.2250000000e+02	-5.7216308916e+00
7.2350000000e+02	-5.4373847122e+00
7.2450000000e+02	-5.1573942600e+00
7.2550000000e+02	-4.8828971330e+00
7.2650000000e+02	-4.6149011000e+00
7.2750000000e+02	-4.3542112592e+00
7.2850000000e+02	-4.1014550676e+00
7.2950000000e+02	-3.8571052091e+00
7.3050000000e+02	-3.6215003348e+00
7.3150000000e+02	-3.3948637466e+00
7.3250000000e+02	-3.1773201326e+00
7.3350000000e+02	-2.9689104757e+00
7.3450000000e+02	-2.7696052693e+00
7.3550000000e+02	-2.5793161791e+00
7.3650000000e+02	-2.3979062860e+00
7.3750000000e+02	-2.2251990463e+00
7.3850000000e+02	-2.0609860939e+00
7.3950000000e+02	-1.9050340058e+00
7.4050000000e+02	-1.7570901431e+00
7.4150000000e+02	-1.6168876683e+00
7.4250000000e+02	-1.4841498363e+00
7.4350000000e+02	-1.3585936424e+00
7.4450000000e+02	-1.2399329055e+00
7.4550000000e+02	-1.1278808577e+00
7.4650000000e+02	-1.0221523005e+00
7.4750000000e+02	-9.2246538601e-01
7.4850000000e+02	-8.2854307081e-01
7.4950000000e+02	-7.4011428759e-01
7.5050000000e+02	-6.5691487351e-01
7.5150000000e+02	-5.7868828925e-01
7.5250000000e+02	-5.0518615920e-01
7.5350000000e+02	-4.3616865932e-01
7.5450000000e+02	-3.7140477567e-01
7.5550000000e+02	-3.1067245405e-01
7.5650000000e+02	-2.5375865819e-01
7.5750000000e+02	-2.0045935201e-01
7.5850000000e+02	-1.5057941889e-01
7.5950000000e+02	-1.0393252981e-01
7.6050000000e+02	-6.0340969858e-02
7.6150000000e+02	-1.9635431805e-02
