# Filename: guide/20231016global_670TR2_clp_freeChla.ascii
 
Time explicit
Intervalnr 1
0.74000001
6.3850000000e+02	-4.9256333249e-02
6.3950000000e+02	2.2841746909e-01
6.4050000000e+02	1.9350093528e-01
6.4150000000e+02	4.3491571384e-01
6.4250000000e+02	5.9857734415e-01
6.4350000000e+02	1.0315507584e+00
6.4450000000e+02	1.2183627609e+00
6.4550000000e+02	9.9981162124e-01
6.4650000000e+02	1.0948494986e+00
6.4750000000e+02	6.5739862425e-01
6.4850000000e+02	1.9177050926e-01
6.4950000000e+02	8.6955883749e-01
6.5050000000e+02	-2.1083284864e-01
6.5150000000e+02	4.3750773786e-01
6.5250000000e+02	5.3686257650e-01
6.5350000000e+02	-3.1663534456e-01
6.5450000000e+02	-1.4220089603e-01
6.5550000000e+02	9.6105119535e-02
6.5650000000e+02	-3.1948384872e-01
6.5750000000e+02	-4.5639806721e-01
6.5850000000e+02	-1.6291094710e+00
6.5950000000e+02	-1.1254001798e+00
6.6050000000e+02	-9.2197295236e-01
6.6150000000e+02	-1.7224972835e+00
6.6250000000e+02	-1.8947826921e+00
6.6350000000e+02	-1.4064058481e+00
6.6450000000e+02	-1.6247037116e+00
6.6550000000e+02	-1.5260582948e+00
6.6650000000e+02	-1.2114961817e+00
6.6750000000e+02	-2.6752731969e+00
6.6850000000e+02	-2.4317181495e+00
6.6950000000e+02	-3.9198943491e+00
6.7050000000e+02	-4.7864530938e+00
6.7150000000e+02	-4.4624438843e+00
6.7250000000e+02	-5.8413852090e+00
6.7350000000e+02	-6.5279786807e+00
6.7450000000e+02	-7.2570611196e+00
6.7550000000e+02	-7.2437320303e+00
6.7650000000e+02	-7.5071399459e+00
6.7750000000e+02	-8.9677236996e+00
6.7850000000e+02	-1.0336698723e+01
6.7950000000e+02	-9.5335017660e+00
6.8050000000e+02	-9.8287930331e+00
6.8150000000e+02	-1.3198619167e+01
6.8250000000e+02	-8.4613347608e+00
6.8350000000e+02	-1.0986451825e+01
6.8450000000e+02	-8.6971001025e+00
6.8550000000e+02	-7.7138514774e+00
6.8650000000e+02	-4.0564091790e+00
6.8750000000e+02	-8.6068341707e+00
6.8850000000e+02	-4.2733004235e+00
6.8950000000e+02	-5.2395183041e+00
6.9050000000e+02	0.0000000000e+00
6.9150000000e+02	0.0000000000e+00
6.9250000000e+02	0.0000000000e+00
6.9350000000e+02	0.0000000000e+00
6.9450000000e+02	0.0000000000e+00
6.9550000000e+02	0.0000000000e+00
6.9650000000e+02	0.0000000000e+00
6.9750000000e+02	0.0000000000e+00
6.9850000000e+02	0.0000000000e+00
6.9950000000e+02	0.0000000000e+00
7.0050000000e+02	0.0000000000e+00
7.0150000000e+02	0.0000000000e+00
7.0250000000e+02	0.0000000000e+00
7.0350000000e+02	0.0000000000e+00
7.0450000000e+02	0.0000000000e+00
7.0550000000e+02	0.0000000000e+00
7.0650000000e+02	0.0000000000e+00
7.0750000000e+02	0.0000000000e+00
7.0850000000e+02	0.0000000000e+00
7.0950000000e+02	0.0000000000e+00
7.1050000000e+02	0.0000000000e+00
7.1150000000e+02	0.0000000000e+00
7.1250000000e+02	0.0000000000e+00
7.1350000000e+02	0.0000000000e+00
7.1450000000e+02	0.0000000000e+00
7.1550000000e+02	0.0000000000e+00
7.1650000000e+02	0.0000000000e+00
7.1750000000e+02	0.0000000000e+00
7.1850000000e+02	0.0000000000e+00
7.1950000000e+02	0.0000000000e+00
7.2050000000e+02	0.0000000000e+00
7.2150000000e+02	0.0000000000e+00
7.2250000000e+02	0.0000000000e+00
7.2350000000e+02	0.0000000000e+00
7.2450000000e+02	0.0000000000e+00
7.2550000000e+02	0.0000000000e+00
7.2650000000e+02	0.0000000000e+00
7.2750000000e+02	0.0000000000e+00
7.2850000000e+02	0.0000000000e+00
7.2950000000e+02	0.0000000000e+00
7.3050000000e+02	0.0000000000e+00
7.3150000000e+02	7.3326335913e-01
7.3250000000e+02	4.0210589111e-01
7.3350000000e+02	-1.5429446811e+00
7.3450000000e+02	-1.6424760794e+00
7.3550000000e+02	-1.4036053039e+00
7.3650000000e+02	-1.9878936926e-01
7.3750000000e+02	-1.4656878982e+00
7.3850000000e+02	-9.9041577091e-01
7.3950000000e+02	-1.6564140773e+00
7.4050000000e+02	-1.9669792553e+00
7.4150000000e+02	-6.4249103317e-01
7.4250000000e+02	-3.9201831690e-01
7.4350000000e+02	-5.1067537590e-01
7.4450000000e+02	-2.3198238008e-01
7.4550000000e+02	-1.5463243755e+00
7.4650000000e+02	7.2969507643e-02
7.4750000000e+02	-3.6271172126e-01
7.4850000000e+02	-2.0179516584e-01
7.4950000000e+02	-3.0647681917e-01
7.5050000000e+02	0.0000000000e+00
7.5150000000e+02	0.0000000000e+00
7.5250000000e+02	0.0000000000e+00
7.5350000000e+02	0.0000000000e+00
7.5450000000e+02	0.0000000000e+00
7.5550000000e+02	0.0000000000e+00
7.5650000000e+02	0.0000000000e+00
7.5750000000e+02	0.0000000000e+00
7.5850000000e+02	0.0000000000e+00
7.5950000000e+02	0.0000000000e+00
7.6050000000e+02	-1.6115832186e+00
7.6150000000e+02	-1.6555176065e+00
