# Filename: guide/20231016step3C_Bulk_RP2_CA_Red_Ant1_RP1_clp_RP2.ascii
 
Time explicit
Intervalnr 1
0.74000001
6.3850000000e+02	-5.1412918386e-01
6.3950000000e+02	-5.1864069032e-01
6.4050000000e+02	-5.2960172862e-01
6.4150000000e+02	-5.2724590123e-01
6.4250000000e+02	-5.2990201402e-01
6.4350000000e+02	-5.5071784345e-01
6.4450000000e+02	-5.6676248534e-01
6.4550000000e+02	-5.7625834673e-01
6.4650000000e+02	-6.0983949941e-01
6.4750000000e+02	-6.3461549095e-01
6.4850000000e+02	-6.9367019443e-01
6.4950000000e+02	-7.0877038268e-01
6.5050000000e+02	-7.5315357332e-01
6.5150000000e+02	-7.8697611126e-01
6.5250000000e+02	-8.0944422315e-01
6.5350000000e+02	-8.3435608960e-01
6.5450000000e+02	-8.5375849980e-01
6.5550000000e+02	-8.5863492329e-01
6.5650000000e+02	-8.6103405576e-01
6.5750000000e+02	-8.7151176971e-01
6.5850000000e+02	-8.7842609543e-01
6.5950000000e+02	-8.6692808635e-01
6.6050000000e+02	-8.7148852312e-01
6.6150000000e+02	-8.4261622219e-01
6.6250000000e+02	-8.6530644457e-01
6.6350000000e+02	-8.2685785627e-01
6.6450000000e+02	-8.1130557010e-01
6.6550000000e+02	-7.8496977683e-01
6.6650000000e+02	-7.6396854061e-01
6.6750000000e+02	-7.0713086660e-01
6.6850000000e+02	-6.8814146746e-01
6.6950000000e+02	-6.7261730794e-01
6.7050000000e+02	-7.0504821499e-01
6.7150000000e+02	-7.4812752181e-01
6.7250000000e+02	-8.1143962147e-01
6.7350000000e+02	-9.1360632910e-01
6.7450000000e+02	-9.8515624865e-01
6.7550000000e+02	-1.0459471785e+00
6.7650000000e+02	-1.0903569653e+00
6.7750000000e+02	-1.1820871320e+00
6.7850000000e+02	-1.3726504249e+00
6.7950000000e+02	-1.4977573510e+00
6.8050000000e+02	-1.7380879385e+00
6.8150000000e+02	-2.0247608423e+00
6.8250000000e+02	-2.1018133481e+00
6.8350000000e+02	-2.1052476277e+00
6.8450000000e+02	-1.8861758092e+00
6.8550000000e+02	-1.4556738832e+00
6.8650000000e+02	-8.8522242153e-01
6.8750000000e+02	-2.1976784085e-01
6.8850000000e+02	4.5252650221e-01
6.8950000000e+02	8.9554480841e-01
6.9050000000e+02	1.1572821958e+00
6.9150000000e+02	1.1246803700e+00
6.9250000000e+02	9.3273578593e-01
6.9350000000e+02	5.8446066067e-01
6.9450000000e+02	7.5739308403e-02
6.9550000000e+02	-4.7079413180e-01
6.9650000000e+02	-1.0993455201e+00
6.9750000000e+02	-1.6678588014e+00
6.9850000000e+02	-2.3331167396e+00
6.9950000000e+02	-2.7853766269e+00
7.0050000000e+02	-3.1259335072e+00
7.0150000000e+02	-3.3489814378e+00
7.0250000000e+02	-3.4848546965e+00
7.0350000000e+02	-3.7388018177e+00
7.0450000000e+02	-3.3858067629e+00
7.0550000000e+02	-3.0792814704e+00
7.0650000000e+02	-2.9719258398e+00
7.0750000000e+02	-2.8826776089e+00
7.0850000000e+02	-2.7239837342e+00
7.0950000000e+02	-2.6030928824e+00
7.1050000000e+02	-2.4134270492e+00
7.1150000000e+02	-2.2265881624e+00
7.1250000000e+02	-2.0642623159e+00
7.1350000000e+02	-1.8895749398e+00
7.1450000000e+02	-1.7912752519e+00
7.1550000000e+02	-1.7256948007e+00
7.1650000000e+02	-1.4682647164e+00
7.1750000000e+02	-1.3708616088e+00
7.1850000000e+02	-1.2378281706e+00
7.1950000000e+02	-1.1322974444e+00
7.2050000000e+02	-1.0486798569e+00
7.2150000000e+02	-9.2969383168e-01
7.2250000000e+02	-8.5236282510e-01
7.2350000000e+02	-7.4603579655e-01
7.2450000000e+02	-6.8497690233e-01
7.2550000000e+02	-6.9007217511e-01
7.2650000000e+02	-6.4662338098e-01
7.2750000000e+02	-5.0421839219e-01
7.2850000000e+02	-4.2879472617e-01
7.2950000000e+02	-3.8058366909e-01
7.3050000000e+02	-3.2261547253e-01
7.3150000000e+02	-2.8978755734e-01
7.3250000000e+02	-2.4091783012e-01
7.3350000000e+02	-2.2125768815e-01
7.3450000000e+02	-1.6695202286e-01
7.3550000000e+02	-1.3394606630e-01
7.3650000000e+02	-1.0523741127e-01
7.3750000000e+02	-7.1856243792e-02
7.3850000000e+02	-5.5058476347e-02
7.3950000000e+02	-2.7951079920e-02
7.4050000000e+02	9.2214122481e-03
7.4150000000e+02	3.2239196992e-02
7.4250000000e+02	4.3621534605e-02
7.4350000000e+02	6.5387730160e-02
7.4450000000e+02	7.9631636505e-02
7.4550000000e+02	9.4333430752e-02
7.4650000000e+02	1.0781800553e-01
7.4750000000e+02	1.2474630152e-01
7.4850000000e+02	1.4426935326e-01
7.4950000000e+02	1.2976821595e-01
7.5050000000e+02	1.4681475674e-01
7.5150000000e+02	1.5159289436e-01
7.5250000000e+02	1.5525821351e-01
7.5350000000e+02	1.7185984736e-01
7.5450000000e+02	1.7003515811e-01
7.5550000000e+02	1.7479189942e-01
7.5650000000e+02	1.7665494262e-01
7.5750000000e+02	1.8411024485e-01
7.5850000000e+02	1.8734156752e-01
7.5950000000e+02	1.9011486031e-01
7.6050000000e+02	1.9499701069e-01
7.6150000000e+02	2.0402102973e-01
