# Filename: guide/20231016step3C_Bulk_RP2_CA_Red_Ant1_RP1_clp_Ant1.ascii
 
Time explicit
Intervalnr 1
0.74000001
6.3850000000e+02	1.1400682490e+00
6.3950000000e+02	1.2144469935e+00
6.4050000000e+02	1.2889501443e+00
6.4150000000e+02	1.3544028429e+00
6.4250000000e+02	1.4046540730e+00
6.4350000000e+02	1.4667882720e+00
6.4450000000e+02	1.4823374812e+00
6.4550000000e+02	1.4962751620e+00
6.4650000000e+02	1.4776181240e+00
6.4750000000e+02	1.4948549133e+00
6.4850000000e+02	1.4528778388e+00
6.4950000000e+02	1.3971582538e+00
6.5050000000e+02	1.3465670707e+00
6.5150000000e+02	1.2076124955e+00
6.5250000000e+02	1.1243888446e+00
6.5350000000e+02	1.0359323253e+00
6.5450000000e+02	9.3835202369e-01
6.5550000000e+02	8.0703031409e-01
6.5650000000e+02	6.7120559995e-01
6.5750000000e+02	5.4153908663e-01
6.5850000000e+02	3.1187489398e-01
6.5950000000e+02	4.7687368152e-02
6.6050000000e+02	-3.7754435224e-01
6.6150000000e+02	-8.4368904162e-01
6.6250000000e+02	-1.3707364125e+00
6.6350000000e+02	-1.9160391198e+00
6.6450000000e+02	-2.4399113545e+00
6.6550000000e+02	-2.9235280661e+00
6.6650000000e+02	-3.4221914130e+00
6.6750000000e+02	-3.9420108998e+00
6.6850000000e+02	-4.4532993692e+00
6.6950000000e+02	-5.0731447190e+00
6.7050000000e+02	-5.6414872220e+00
6.7150000000e+02	-6.0939544868e+00
6.7250000000e+02	-6.6255270678e+00
6.7350000000e+02	-7.2413336596e+00
6.7450000000e+02	-7.8611406561e+00
6.7550000000e+02	-8.3923738785e+00
6.7650000000e+02	-9.2822067623e+00
6.7750000000e+02	-1.0099559002e+01
6.7850000000e+02	-1.1837072129e+01
6.7950000000e+02	-1.2191843081e+01
6.8050000000e+02	-1.3259925639e+01
6.8150000000e+02	-1.4161124762e+01
6.8250000000e+02	-1.4531680762e+01
6.8350000000e+02	-1.4255235964e+01
6.8450000000e+02	-1.3947774392e+01
6.8550000000e+02	-1.3290866707e+01
6.8650000000e+02	-1.2912376440e+01
6.8750000000e+02	-1.1595007650e+01
6.8850000000e+02	-1.0225767317e+01
6.8950000000e+02	-8.9341246889e+00
6.9050000000e+02	-8.2663594837e+00
6.9150000000e+02	-6.3737439989e+00
6.9250000000e+02	-5.2217011259e+00
6.9350000000e+02	-4.3715435779e+00
6.9450000000e+02	-3.3317638214e+00
6.9550000000e+02	-2.6350491326e+00
6.9650000000e+02	-2.0311690906e+00
6.9750000000e+02	-1.6585409624e+00
6.9850000000e+02	-1.6033971452e+00
6.9950000000e+02	-7.9592028305e-01
7.0050000000e+02	0.0000000000e+00
7.0150000000e+02	0.0000000000e+00
7.0250000000e+02	0.0000000000e+00
7.0350000000e+02	0.0000000000e+00
7.0450000000e+02	0.0000000000e+00
7.0550000000e+02	0.0000000000e+00
7.0650000000e+02	0.0000000000e+00
7.0750000000e+02	0.0000000000e+00
7.0850000000e+02	0.0000000000e+00
7.0950000000e+02	0.0000000000e+00
7.1050000000e+02	0.0000000000e+00
7.1150000000e+02	0.0000000000e+00
7.1250000000e+02	0.0000000000e+00
7.1350000000e+02	0.0000000000e+00
7.1450000000e+02	0.0000000000e+00
7.1550000000e+02	0.0000000000e+00
7.1650000000e+02	0.0000000000e+00
7.1750000000e+02	0.0000000000e+00
7.1850000000e+02	0.0000000000e+00
7.1950000000e+02	0.0000000000e+00
7.2050000000e+02	0.0000000000e+00
7.2150000000e+02	0.0000000000e+00
7.2250000000e+02	0.0000000000e+00
7.2350000000e+02	0.0000000000e+00
7.2450000000e+02	0.0000000000e+00
7.2550000000e+02	0.0000000000e+00
7.2650000000e+02	0.0000000000e+00
7.2750000000e+02	0.0000000000e+00
7.2850000000e+02	0.0000000000e+00
7.2950000000e+02	0.0000000000e+00
7.3050000000e+02	0.0000000000e+00
7.3150000000e+02	0.0000000000e+00
7.3250000000e+02	0.0000000000e+00
7.3350000000e+02	0.0000000000e+00
7.3450000000e+02	0.0000000000e+00
7.3550000000e+02	0.0000000000e+00
7.3650000000e+02	0.0000000000e+00
7.3750000000e+02	0.0000000000e+00
7.3850000000e+02	0.0000000000e+00
7.3950000000e+02	0.0000000000e+00
7.4050000000e+02	0.0000000000e+00
7.4150000000e+02	0.0000000000e+00
7.4250000000e+02	0.0000000000e+00
7.4350000000e+02	0.0000000000e+00
7.4450000000e+02	0.0000000000e+00
7.4550000000e+02	0.0000000000e+00
7.4650000000e+02	0.0000000000e+00
7.4750000000e+02	0.0000000000e+00
7.4850000000e+02	0.0000000000e+00
7.4950000000e+02	0.0000000000e+00
7.5050000000e+02	0.0000000000e+00
7.5150000000e+02	0.0000000000e+00
7.5250000000e+02	0.0000000000e+00
7.5350000000e+02	0.0000000000e+00
7.5450000000e+02	0.0000000000e+00
7.5550000000e+02	0.0000000000e+00
7.5650000000e+02	0.0000000000e+00
7.5750000000e+02	0.0000000000e+00
7.5850000000e+02	0.0000000000e+00
7.5950000000e+02	0.0000000000e+00
7.6050000000e+02	0.0000000000e+00
7.6150000000e+02	0.0000000000e+00
