# Filename: guide/20231011step4D_Bulk_RP2_CA_Red_Ant1_RP1_RC_free_clp_Ant1.ascii
 
Time explicit
Intervalnr 1
0.74000001
6.3850000000e+02	1.2484637978e+00
6.3950000000e+02	1.3260296830e+00
6.4050000000e+02	1.4089899991e+00
6.4150000000e+02	1.4770208957e+00
6.4250000000e+02	1.5237480878e+00
6.4350000000e+02	1.5882474442e+00
6.4450000000e+02	1.5792366086e+00
6.4550000000e+02	1.6200294671e+00
6.4650000000e+02	1.5850449684e+00
6.4750000000e+02	1.6121071264e+00
6.4850000000e+02	1.5812704606e+00
6.4950000000e+02	1.4744017111e+00
6.5050000000e+02	1.4714693253e+00
6.5150000000e+02	1.2955114032e+00
6.5250000000e+02	1.2008284067e+00
6.5350000000e+02	1.1187740249e+00
6.5450000000e+02	1.0124113601e+00
6.5550000000e+02	8.7226878875e-01
6.5650000000e+02	7.5921365706e-01
6.5750000000e+02	6.2531312649e-01
6.5850000000e+02	4.3248118772e-01
6.5950000000e+02	1.5804750205e-01
6.6050000000e+02	-2.8012572200e-01
6.6150000000e+02	-7.3453173951e-01
6.6250000000e+02	-1.2966460135e+00
6.6350000000e+02	-1.8447325322e+00
6.6450000000e+02	-2.3924160846e+00
6.6550000000e+02	-2.8760110535e+00
6.6650000000e+02	-3.3887375457e+00
6.6750000000e+02	-3.9010693424e+00
6.6850000000e+02	-4.4172109224e+00
6.6950000000e+02	-5.0442840648e+00
6.7050000000e+02	-5.6255504348e+00
6.7150000000e+02	-6.0616208051e+00
6.7250000000e+02	-6.6078132628e+00
6.7350000000e+02	-7.1929540571e+00
6.7450000000e+02	-7.7960356619e+00
6.7550000000e+02	-8.3243742554e+00
6.7650000000e+02	-9.1964330531e+00
6.7750000000e+02	-1.0025349852e+01
6.7850000000e+02	-1.1714798028e+01
6.7950000000e+02	-1.2095953781e+01
6.8050000000e+02	-1.3161352604e+01
6.8150000000e+02	-1.4235201001e+01
6.8250000000e+02	-1.4536818106e+01
6.8350000000e+02	-1.4362688298e+01
6.8450000000e+02	-1.4016969141e+01
6.8550000000e+02	-1.3425039480e+01
6.8650000000e+02	-1.2946538192e+01
6.8750000000e+02	-1.1936550118e+01
6.8850000000e+02	-1.0440461366e+01
6.8950000000e+02	-9.2862849743e+00
6.9050000000e+02	-8.5873643088e+00
6.9150000000e+02	-6.7320279082e+00
6.9250000000e+02	-5.6864835686e+00
6.9350000000e+02	-4.7586907226e+00
6.9450000000e+02	-3.7626825304e+00
6.9550000000e+02	-3.0615258185e+00
6.9650000000e+02	-2.3987418674e+00
6.9750000000e+02	-1.8023862120e+00
6.9850000000e+02	-1.8747841479e+00
6.9950000000e+02	-8.7640226344e-01
7.0050000000e+02	-3.6792832208e-01
7.0150000000e+02	-1.6884013006e-01
7.0250000000e+02	-2.6743718618e-01
7.0350000000e+02	-1.5916303373e-01
7.0450000000e+02	4.9032793141e-02
7.0550000000e+02	7.0459629948e-02
7.0650000000e+02	1.4996739969e-01
7.0750000000e+02	6.2732979308e-01
7.0850000000e+02	6.2620279605e-01
7.0950000000e+02	6.8910299325e-01
7.1050000000e+02	6.9255954716e-01
7.1150000000e+02	6.0342744020e-01
7.1250000000e+02	7.1418155934e-01
7.1350000000e+02	6.3256048494e-01
7.1450000000e+02	6.3909980558e-01
7.1550000000e+02	7.1090370184e-01
7.1650000000e+02	4.8382655243e-01
7.1750000000e+02	4.2750867992e-01
7.1850000000e+02	4.8779506147e-01
7.1950000000e+02	3.8473606065e-01
7.2050000000e+02	3.3018374960e-01
7.2150000000e+02	3.5205553802e-01
7.2250000000e+02	2.7141282367e-01
7.2350000000e+02	2.1984536172e-01
7.2450000000e+02	2.0872842353e-01
7.2550000000e+02	1.3434642083e-01
7.2650000000e+02	6.5135374630e-02
7.2750000000e+02	-3.0777531142e-02
7.2850000000e+02	-9.1927566538e-02
7.2950000000e+02	-2.0376912870e-01
7.3050000000e+02	-1.4432815198e-01
7.3150000000e+02	-2.3971736348e-01
7.3250000000e+02	-2.9483158890e-01
7.3350000000e+02	-3.1619728614e-01
7.3450000000e+02	-3.2920430088e-01
7.3550000000e+02	-3.3771391549e-01
7.3650000000e+02	-3.0593831251e-01
7.3750000000e+02	-3.2766574427e-01
7.3850000000e+02	-4.1128907615e-01
7.3950000000e+02	-3.8237120102e-01
7.4050000000e+02	-3.7917052747e-01
7.4150000000e+02	-3.6927531718e-01
7.4250000000e+02	-3.5546305047e-01
7.4350000000e+02	-3.5685552881e-01
7.4450000000e+02	-3.1141687490e-01
7.4550000000e+02	-2.8919929182e-01
7.4650000000e+02	-2.7553293890e-01
7.4750000000e+02	-2.5176955234e-01
7.4850000000e+02	-2.4591868439e-01
7.4950000000e+02	-2.2447348949e-01
7.5050000000e+02	-1.6582336018e-01
7.5150000000e+02	-1.6280281979e-01
7.5250000000e+02	-1.1241780731e-01
7.5350000000e+02	-9.8938136058e-02
7.5450000000e+02	-7.6541200739e-02
7.5550000000e+02	-3.2461712334e-02
7.5650000000e+02	-3.2243648602e-02
7.5750000000e+02	2.9627239391e-02
7.5850000000e+02	4.2895762609e-02
7.5950000000e+02	6.0503207811e-02
7.6050000000e+02	9.6695223275e-02
7.6150000000e+02	8.3695287328e-02
