# Filename: guide/20231011step4D_Bulk_RP2_CA_Red_Ant1_RP1_RC_free_clp_Red.ascii
 
Time explicit
Intervalnr 1
0.74000001
6.3850000000e+02	1.1195895925e+00
6.3950000000e+02	1.2394292147e+00
6.4050000000e+02	1.2150067674e+00
6.4150000000e+02	1.3030038712e+00
6.4250000000e+02	1.4886072749e+00
6.4350000000e+02	1.4956286845e+00
6.4450000000e+02	1.7645413560e+00
6.4550000000e+02	1.9183075892e+00
6.4650000000e+02	1.9637343864e+00
6.4750000000e+02	2.1250408735e+00
6.4850000000e+02	1.9564732662e+00
6.4950000000e+02	2.6113941196e+00
6.5050000000e+02	2.4919212583e+00
6.5150000000e+02	2.7519527105e+00
6.5250000000e+02	3.0107519868e+00
6.5350000000e+02	3.1170085446e+00
6.5450000000e+02	3.2779192404e+00
6.5550000000e+02	3.4882974241e+00
6.5650000000e+02	3.6003243879e+00
6.5750000000e+02	3.8700233047e+00
6.5850000000e+02	3.6246863797e+00
6.5950000000e+02	4.1589760580e+00
6.6050000000e+02	4.0095751810e+00
6.6150000000e+02	4.1814356350e+00
6.6250000000e+02	4.2140292577e+00
6.6350000000e+02	4.3215760103e+00
6.6450000000e+02	4.3818138192e+00
6.6550000000e+02	4.2262396825e+00
6.6650000000e+02	4.4191983912e+00
6.6750000000e+02	3.9678616825e+00
6.6850000000e+02	3.8803005153e+00
6.6950000000e+02	3.6226191086e+00
6.7050000000e+02	3.2952966447e+00
6.7150000000e+02	3.2606987861e+00
6.7250000000e+02	2.9928498053e+00
6.7350000000e+02	2.8172138360e+00
6.7450000000e+02	2.7694002910e+00
6.7550000000e+02	2.6894332668e+00
6.7650000000e+02	2.6929671293e+00
6.7750000000e+02	2.7305727860e+00
6.7850000000e+02	2.7493614280e+00
6.7950000000e+02	2.7471496218e+00
6.8050000000e+02	2.4116192023e+00
6.8150000000e+02	3.8886465696e+00
6.8250000000e+02	2.4449190452e+00
6.8350000000e+02	3.0001637325e+00
6.8450000000e+02	1.9202596068e+00
6.8550000000e+02	1.4323191900e+00
6.8650000000e+02	-1.0301184514e+00
6.8750000000e+02	1.4108708646e+00
6.8850000000e+02	-2.1430892403e+00
6.8950000000e+02	-1.7735754574e+00
6.9050000000e+02	-4.0728224819e+00
6.9150000000e+02	-4.7431538300e+00
6.9250000000e+02	-4.5765270390e+00
6.9350000000e+02	-6.3652496941e+00
6.9450000000e+02	-7.1829981232e+00
6.9550000000e+02	-7.1119440884e+00
6.9650000000e+02	-9.5101856674e+00
6.9750000000e+02	-1.0971121487e+01
6.9850000000e+02	-8.3924155293e+00
6.9950000000e+02	-1.0732266625e+01
7.0050000000e+02	-1.1231642746e+01
7.0150000000e+02	-1.1734786321e+01
7.0250000000e+02	-1.5639243498e+01
7.0350000000e+02	-1.5603050162e+01
7.0450000000e+02	-1.4181038203e+01
7.0550000000e+02	-1.3732684482e+01
7.0650000000e+02	-1.3339517803e+01
7.0750000000e+02	-1.2452562474e+01
7.0850000000e+02	-1.2753926529e+01
7.0950000000e+02	-1.1285039709e+01
7.1050000000e+02	-1.2185998555e+01
7.1150000000e+02	-1.2522372473e+01
7.1250000000e+02	-1.0292076029e+01
7.1350000000e+02	-1.1152466975e+01
7.1450000000e+02	-1.0013613569e+01
7.1550000000e+02	-9.0802697832e+00
7.1650000000e+02	-1.1147433165e+01
7.1750000000e+02	-8.6340329855e+00
7.1850000000e+02	-8.5888477315e+00
7.1950000000e+02	-8.4749875931e+00
7.2050000000e+02	-7.5328656039e+00
7.2150000000e+02	-7.6322036392e+00
7.2250000000e+02	-7.0566182170e+00
7.2350000000e+02	-6.6088991261e+00
7.2450000000e+02	-6.3530367471e+00
7.2550000000e+02	-5.8144962209e+00
7.2650000000e+02	-5.6597573230e+00
7.2750000000e+02	-6.1116382738e+00
7.2850000000e+02	-5.7551082037e+00
7.2950000000e+02	-4.2497276013e+00
7.3050000000e+02	-4.0511307440e+00
7.3150000000e+02	-3.8297949375e+00
7.3250000000e+02	-3.6160525922e+00
7.3350000000e+02	-3.8696779307e+00
7.3450000000e+02	-3.2676929890e+00
7.3550000000e+02	-2.3417956668e+00
7.3650000000e+02	-2.6766466975e+00
7.3750000000e+02	-2.1853928161e+00
7.3850000000e+02	-2.1302412669e+00
7.3950000000e+02	-2.0025063965e+00
7.4050000000e+02	-1.8900626063e+00
7.4150000000e+02	-1.8474058815e+00
7.4250000000e+02	-1.6757138286e+00
7.4350000000e+02	-1.4373707554e+00
7.4450000000e+02	-1.4694830912e+00
7.4550000000e+02	-1.4363132049e+00
7.4650000000e+02	-1.2339536292e+00
7.4750000000e+02	-1.2682854073e+00
7.4850000000e+02	-9.5942962769e-01
7.4950000000e+02	-1.0023536032e+00
7.5050000000e+02	-9.0738150847e-01
7.5150000000e+02	-8.3704308384e-01
7.5250000000e+02	-8.4270218736e-01
7.5350000000e+02	-6.9230694368e-01
7.5450000000e+02	-7.0249452828e-01
7.5550000000e+02	-5.8394350119e-01
7.5650000000e+02	-5.2550178801e-01
7.5750000000e+02	-4.7643839361e-01
7.5850000000e+02	-3.6856996993e-01
7.5950000000e+02	-3.4390480499e-01
7.6050000000e+02	-3.1123593491e-01
7.6150000000e+02	-2.7233549069e-01
