# Filename: guide/20231016global_670TR2_clp_br2.ascii
 
Time explicit
Intervalnr 1
0.74000001
6.3850000000e+02	8.2303223813e-01
6.3950000000e+02	8.6065687169e-01
6.4050000000e+02	9.2105229614e-01
6.4150000000e+02	9.7149803803e-01
6.4250000000e+02	1.0166094334e+00
6.4350000000e+02	1.0778233050e+00
6.4450000000e+02	1.1122200690e+00
6.4550000000e+02	1.1627408203e+00
6.4650000000e+02	1.2128613384e+00
6.4750000000e+02	1.2703363224e+00
6.4850000000e+02	1.3811763780e+00
6.4950000000e+02	1.3313633794e+00
6.5050000000e+02	1.4324122954e+00
6.5150000000e+02	1.4011823861e+00
6.5250000000e+02	1.4030956453e+00
6.5350000000e+02	1.4497951636e+00
6.5450000000e+02	1.4352716654e+00
6.5550000000e+02	1.3809472193e+00
6.5650000000e+02	1.3282677602e+00
6.5750000000e+02	1.2739069818e+00
6.5850000000e+02	1.2425346328e+00
6.5950000000e+02	1.0944472371e+00
6.6050000000e+02	9.6508272424e-01
6.6150000000e+02	8.4733725845e-01
6.6250000000e+02	7.4027270099e-01
6.6350000000e+02	5.0030204425e-01
6.6450000000e+02	3.0752305056e-01
6.6550000000e+02	6.4211451766e-02
6.6650000000e+02	-2.0992829648e-01
6.6750000000e+02	-4.0992212540e-01
6.6850000000e+02	-7.1601048887e-01
6.6950000000e+02	-9.5014249174e-01
6.7050000000e+02	-1.2075325113e+00
6.7150000000e+02	-1.5388111599e+00
6.7250000000e+02	-1.8782782279e+00
6.7350000000e+02	-2.3033639276e+00
6.7450000000e+02	-2.8349883329e+00
6.7550000000e+02	-3.5173364697e+00
6.7650000000e+02	-4.4021367555e+00
6.7750000000e+02	-5.3821637004e+00
6.7850000000e+02	-6.8362600688e+00
6.7950000000e+02	-7.8363986264e+00
6.8050000000e+02	-9.1326658169e+00
6.8150000000e+02	-1.0540481678e+01
6.8250000000e+02	-1.1525022163e+01
6.8350000000e+02	-1.2183544208e+01
6.8450000000e+02	-1.2879472786e+01
6.8550000000e+02	-1.3282502207e+01
6.8650000000e+02	-1.3636519809e+01
6.8750000000e+02	-1.3554188148e+01
6.8850000000e+02	-1.2808760649e+01
6.8950000000e+02	-1.2299245903e+01
6.9050000000e+02	-1.2310662911e+01
6.9150000000e+02	-1.0578497210e+01
6.9250000000e+02	-9.8685060058e+00
6.9350000000e+02	-9.1847267212e+00
6.9450000000e+02	-8.0739039471e+00
6.9550000000e+02	-7.4934414570e+00
6.9650000000e+02	-6.6923087486e+00
6.9750000000e+02	-6.5050326555e+00
6.9850000000e+02	-6.2027990284e+00
6.9950000000e+02	-5.3151542902e+00
7.0050000000e+02	-4.9260360203e+00
7.0150000000e+02	-4.5862165734e+00
7.0250000000e+02	-4.4680111352e+00
7.0350000000e+02	-4.3919813278e+00
7.0450000000e+02	-3.5803357291e+00
7.0550000000e+02	-3.2270723664e+00
7.0650000000e+02	-2.9874998859e+00
7.0750000000e+02	-2.7196868451e+00
7.0850000000e+02	-2.4795916319e+00
7.0950000000e+02	-2.4168459554e+00
7.1050000000e+02	-2.0107886530e+00
7.1150000000e+02	-1.8236180902e+00
7.1250000000e+02	-1.7064334264e+00
7.1350000000e+02	-1.4606517386e+00
7.1450000000e+02	-1.3737346091e+00
7.1550000000e+02	-1.3339575032e+00
7.1650000000e+02	-1.0265304773e+00
7.1750000000e+02	-9.6096953509e-01
7.1850000000e+02	-8.8744605486e-01
7.1950000000e+02	-7.7343153287e-01
7.2050000000e+02	-7.2511428259e-01
7.2150000000e+02	-6.7860515362e-01
7.2250000000e+02	-6.0071036692e-01
7.2350000000e+02	-5.2367654968e-01
7.2450000000e+02	-4.8475716291e-01
7.2550000000e+02	-4.5678205566e-01
7.2650000000e+02	-4.5846793388e-01
7.2750000000e+02	-4.8039184260e-01
7.2850000000e+02	-4.1071867826e-01
7.2950000000e+02	-3.5250588791e-01
7.3050000000e+02	-3.3944121502e-01
7.3150000000e+02	-3.7023768299e-01
7.3250000000e+02	-3.4935927905e-01
7.3350000000e+02	-2.3838348130e-01
7.3450000000e+02	-2.3906493145e-01
7.3550000000e+02	-2.9266645584e-01
7.3650000000e+02	-2.7079658029e-01
7.3750000000e+02	-2.2285108572e-01
7.3850000000e+02	-2.3407908824e-01
7.3950000000e+02	-2.3248721394e-01
7.4050000000e+02	-2.2933666100e-01
7.4150000000e+02	-2.3763043816e-01
7.4250000000e+02	-2.7689161665e-01
7.4350000000e+02	-2.7430872053e-01
7.4450000000e+02	-2.5633762141e-01
7.4550000000e+02	-2.0425783305e-01
7.4650000000e+02	-2.8478133099e-01
7.4750000000e+02	-2.4129243685e-01
7.4850000000e+02	-2.6336371286e-01
7.4950000000e+02	-2.1924625119e-01
7.5050000000e+02	-2.0811972084e-01
7.5150000000e+02	-1.9129569183e-01
7.5250000000e+02	-1.8093571241e-01
7.5350000000e+02	-1.4167730070e-01
7.5450000000e+02	-1.1725565649e-01
7.5550000000e+02	-9.3947207712e-02
7.5650000000e+02	-6.9342470971e-02
7.5750000000e+02	-5.8651389976e-02
7.5850000000e+02	-3.2053122577e-02
7.5950000000e+02	-1.7266222233e-02
7.6050000000e+02	9.8698272828e-02
7.6150000000e+02	8.1587155890e-02
