# Filename: guide/20231016step3C_Bulk_RP2_CA_Red_Ant1_RP1_clp_Red.ascii
 
Time explicit
Intervalnr 1
0.74000001
6.3850000000e+02	7.4581880238e-01
6.3950000000e+02	8.3388507961e-01
6.4050000000e+02	8.4606005512e-01
6.4150000000e+02	9.2964691709e-01
6.4250000000e+02	1.0696433284e+00
6.4350000000e+02	1.0775607361e+00
6.4450000000e+02	1.2700791791e+00
6.4550000000e+02	1.4507598555e+00
6.4650000000e+02	1.4886977686e+00
6.4750000000e+02	1.6729981040e+00
6.4850000000e+02	1.6111778071e+00
6.4950000000e+02	2.0191740995e+00
6.5050000000e+02	2.0585288088e+00
6.5150000000e+02	2.1965348726e+00
6.5250000000e+02	2.3897746476e+00
6.5350000000e+02	2.5463983833e+00
6.5450000000e+02	2.6678853602e+00
6.5550000000e+02	2.8295819873e+00
6.5650000000e+02	3.0074837516e+00
6.5750000000e+02	3.2297684904e+00
6.5850000000e+02	3.1773943491e+00
6.5950000000e+02	3.5342994984e+00
6.6050000000e+02	3.4031852684e+00
6.6150000000e+02	3.5772718920e+00
6.6250000000e+02	3.5849300069e+00
6.6350000000e+02	3.6226431818e+00
6.6450000000e+02	3.6606128554e+00
6.6550000000e+02	3.5604198456e+00
6.6650000000e+02	3.7221691528e+00
6.6750000000e+02	3.5024032489e+00
6.6850000000e+02	3.4762563622e+00
6.6950000000e+02	3.3708252640e+00
6.7050000000e+02	3.1356549113e+00
6.7150000000e+02	3.0722711790e+00
6.7250000000e+02	2.9112003510e+00
6.7350000000e+02	2.7687391404e+00
6.7450000000e+02	2.7350864353e+00
6.7550000000e+02	2.6666153929e+00
6.7650000000e+02	2.6955979370e+00
6.7750000000e+02	2.8081486573e+00
6.7850000000e+02	3.0004834256e+00
6.7950000000e+02	2.9150310233e+00
6.8050000000e+02	2.6259942775e+00
6.8150000000e+02	2.9663024341e+00
6.8250000000e+02	1.9317086294e+00
6.8350000000e+02	2.0242261780e+00
6.8450000000e+02	1.1440346202e+00
6.8550000000e+02	6.0762676027e-01
6.8650000000e+02	-1.1662737341e+00
6.8750000000e+02	2.1367164979e-01
6.8850000000e+02	-2.1034777916e+00
6.8950000000e+02	-1.9346920161e+00
6.9050000000e+02	-3.5575957700e+00
6.9150000000e+02	-3.9887103352e+00
6.9250000000e+02	-4.1364599393e+00
6.9350000000e+02	-5.4418483455e+00
6.9450000000e+02	-6.3901947964e+00
6.9550000000e+02	-6.6791196306e+00
6.9650000000e+02	-8.7237891138e+00
6.9750000000e+02	-1.0060383608e+01
6.9850000000e+02	-8.8951389609e+00
6.9950000000e+02	-1.0416512580e+01
7.0050000000e+02	-1.0858188575e+01
7.0150000000e+02	-1.1386536433e+01
7.0250000000e+02	-1.2519230174e+01
7.0350000000e+02	-1.3354609532e+01
7.0450000000e+02	-1.2951954271e+01
7.0550000000e+02	-1.2034868770e+01
7.0650000000e+02	-1.2180872453e+01
7.0750000000e+02	-1.1968855389e+01
7.0850000000e+02	-1.1963202394e+01
7.0950000000e+02	-1.0916455473e+01
7.1050000000e+02	-1.1372128301e+01
7.1150000000e+02	-1.1304147851e+01
7.1250000000e+02	-9.6673370116e+00
7.1350000000e+02	-1.0024225910e+01
7.1450000000e+02	-9.0869215917e+00
7.1550000000e+02	-8.4716020081e+00
7.1650000000e+02	-9.5133214736e+00
7.1750000000e+02	-7.7052592022e+00
7.1850000000e+02	-7.4864372623e+00
7.1950000000e+02	-7.2743998526e+00
7.2050000000e+02	-6.5202998116e+00
7.2150000000e+02	-6.4649070089e+00
7.2250000000e+02	-5.9764638900e+00
7.2350000000e+02	-5.5267321354e+00
7.2450000000e+02	-5.2423285067e+00
7.2550000000e+02	-4.7695701346e+00
7.2650000000e+02	-4.6853008397e+00
7.2750000000e+02	-4.8731744316e+00
7.2850000000e+02	-4.5499476763e+00
7.2950000000e+02	-3.4445174177e+00
7.3050000000e+02	-3.1809624783e+00
7.3150000000e+02	-2.9431689899e+00
7.3250000000e+02	-2.7291709236e+00
7.3350000000e+02	-2.8536151813e+00
7.3450000000e+02	-2.3693038077e+00
7.3550000000e+02	-1.7252357806e+00
7.3650000000e+02	-1.8523778068e+00
7.3750000000e+02	-1.5015875999e+00
7.3850000000e+02	-1.4407032875e+00
7.3950000000e+02	-1.3044894702e+00
7.4050000000e+02	-1.2000924543e+00
7.4150000000e+02	-1.1580226586e+00
7.4250000000e+02	-9.9917384385e-01
7.4350000000e+02	-8.1791567336e-01
7.4450000000e+02	-8.5039570552e-01
7.4550000000e+02	-7.7240144191e-01
7.4650000000e+02	-6.2940880081e-01
7.4750000000e+02	-6.3884010824e-01
7.4850000000e+02	-4.5383423823e-01
7.4950000000e+02	-4.7961435722e-01
7.5050000000e+02	-4.1102016934e-01
7.5150000000e+02	-3.6162392634e-01
7.5250000000e+02	-3.6891496123e-01
7.5350000000e+02	-2.8679792492e-01
7.5450000000e+02	-2.9967577796e-01
7.5550000000e+02	-2.4462752629e-01
7.5650000000e+02	-2.0944684786e-01
7.5750000000e+02	-1.7166503200e-01
7.5850000000e+02	-1.1965685109e-01
7.5950000000e+02	-1.0970793901e-01
7.6050000000e+02	-1.1566593908e-01
7.6150000000e+02	-5.9608876200e-02
