# Filename: guide/20231016global_670TR2_clp_br1.ascii
 
Time explicit
Intervalnr 1
0.74000001
6.3850000000e+02	1.1687791698e+00
6.3950000000e+02	1.2318527801e+00
6.4050000000e+02	1.3114728817e+00
6.4150000000e+02	1.3564045204e+00
6.4250000000e+02	1.3961902617e+00
6.4350000000e+02	1.4581213501e+00
6.4450000000e+02	1.4551157239e+00
6.4550000000e+02	1.4808109469e+00
6.4650000000e+02	1.4636861442e+00
6.4750000000e+02	1.5062406205e+00
6.4850000000e+02	1.5078239107e+00
6.4950000000e+02	1.3967198891e+00
6.5050000000e+02	1.4236721564e+00
6.5150000000e+02	1.2745333641e+00
6.5250000000e+02	1.1947308995e+00
6.5350000000e+02	1.1622411461e+00
6.5450000000e+02	1.0884583874e+00
6.5550000000e+02	9.6712385619e-01
6.5650000000e+02	8.6566605976e-01
6.5750000000e+02	7.5879719307e-01
6.5850000000e+02	6.0691064585e-01
6.5950000000e+02	2.9921900957e-01
6.6050000000e+02	-9.4199955089e-02
6.6150000000e+02	-5.4237649721e-01
6.6250000000e+02	-1.0161469712e+00
6.6350000000e+02	-1.5720950377e+00
6.6450000000e+02	-2.0699577245e+00
6.6550000000e+02	-2.5397545367e+00
6.6650000000e+02	-3.0590001762e+00
6.6750000000e+02	-3.5315190066e+00
6.6850000000e+02	-4.0499613802e+00
6.6950000000e+02	-4.5969764188e+00
6.7050000000e+02	-5.1405248707e+00
6.7150000000e+02	-5.6077372973e+00
6.7250000000e+02	-6.0719970614e+00
6.7350000000e+02	-6.6493389453e+00
6.7450000000e+02	-7.1720480887e+00
6.7550000000e+02	-7.6989495914e+00
6.7650000000e+02	-8.4675982155e+00
6.7750000000e+02	-9.2141905926e+00
6.7850000000e+02	-1.0753509070e+01
6.7950000000e+02	-1.1066664851e+01
6.8050000000e+02	-1.2012652024e+01
6.8150000000e+02	-1.2762807294e+01
6.8250000000e+02	-1.3134334894e+01
6.8350000000e+02	-1.2870124707e+01
6.8450000000e+02	-1.2587945234e+01
6.8550000000e+02	-1.2046171800e+01
6.8650000000e+02	-1.1728493078e+01
6.8750000000e+02	-1.0830847043e+01
6.8850000000e+02	-9.4999337297e+00
6.8950000000e+02	-8.5338232849e+00
6.9050000000e+02	-8.1175686383e+00
6.9150000000e+02	-6.3612354194e+00
6.9250000000e+02	-5.5961002716e+00
6.9350000000e+02	-4.6876194545e+00
6.9450000000e+02	-3.8546169564e+00
6.9550000000e+02	-3.3528735885e+00
6.9650000000e+02	-2.6429479541e+00
6.9750000000e+02	-2.1615392233e+00
6.9850000000e+02	-2.4154765776e+00
6.9950000000e+02	-1.7052019812e+00
7.0050000000e+02	-1.4207108024e+00
7.0150000000e+02	-1.2828221836e+00
7.0250000000e+02	-1.2565272632e+00
7.0350000000e+02	-9.5339678791e-01
7.0450000000e+02	-5.1744403373e-01
7.0550000000e+02	-5.5208260695e-01
7.0650000000e+02	-4.1283771748e-01
7.0750000000e+02	-3.3648539691e-01
7.0850000000e+02	-3.2534042856e-01
7.0950000000e+02	-2.6464545480e-01
7.1050000000e+02	-1.9971028976e-01
7.1150000000e+02	-1.8305072345e-01
7.1250000000e+02	-1.4043134420e-01
7.1350000000e+02	-9.6346893953e-02
7.1450000000e+02	-1.1958417510e-01
7.1550000000e+02	-1.0653475273e-01
7.1650000000e+02	-1.0205350817e-01
7.1750000000e+02	-1.4396069034e-01
7.1850000000e+02	-8.1905003814e-02
7.1950000000e+02	-9.7342380338e-02
7.2050000000e+02	-1.5411374127e-01
7.2150000000e+02	-1.3047195107e-01
7.2250000000e+02	-1.1482518282e-01
7.2350000000e+02	-1.7324179586e-01
7.2450000000e+02	-1.9388127735e-01
7.2550000000e+02	-2.4529914082e-01
7.2650000000e+02	-3.1220588694e-01
7.2750000000e+02	-3.2852444089e-01
7.2850000000e+02	-2.9627330507e-01
7.2950000000e+02	-3.9322437631e-01
7.3050000000e+02	-3.4854047838e-01
7.3150000000e+02	-4.4935191508e-01
7.3250000000e+02	-4.8395458403e-01
7.3350000000e+02	-4.3323525782e-01
7.3450000000e+02	-4.6883253470e-01
7.3550000000e+02	-5.2354320320e-01
7.3650000000e+02	-4.9246185576e-01
7.3750000000e+02	-4.4745440662e-01
7.3850000000e+02	-5.4468537421e-01
7.3950000000e+02	-4.6784981194e-01
7.4050000000e+02	-4.2009035696e-01
7.4150000000e+02	-4.6814261479e-01
7.4250000000e+02	-4.3257012980e-01
7.4350000000e+02	-4.3807517998e-01
7.4450000000e+02	-3.6144176754e-01
7.4550000000e+02	-2.8182003561e-01
7.4650000000e+02	-2.7492452265e-01
7.4750000000e+02	-2.3332515229e-01
7.4850000000e+02	-1.9319166259e-01
7.4950000000e+02	-1.5672622212e-01
7.5050000000e+02	-1.2918807526e-01
7.5150000000e+02	-1.1405693118e-01
7.5250000000e+02	-3.2290058235e-02
7.5350000000e+02	-3.2172023320e-02
7.5450000000e+02	-1.3886706511e-03
7.5550000000e+02	3.5725585627e-02
7.5650000000e+02	4.8301533029e-02
7.5750000000e+02	9.6446773068e-02
7.5850000000e+02	1.0841331664e-01
7.5950000000e+02	1.3635577756e-01
7.6050000000e+02	2.2829624334e-01
7.6150000000e+02	2.0967235668e-01
