# Filename: guide/20231016step3C_Bulk_RP2_CA_Red_Ant1_RP1_clp_RP1.ascii
 
Time explicit
Intervalnr 1
0.74000001
6.3850000000e+02	-2.6802916347e-01
6.3950000000e+02	-2.5313529705e-01
6.4050000000e+02	-1.6835171560e-01
6.4150000000e+02	-1.2330081442e-01
6.4250000000e+02	-1.0623817619e-01
6.4350000000e+02	-1.2084306418e-02
6.4450000000e+02	3.6130906410e-02
6.4550000000e+02	-3.0106098070e-03
6.4650000000e+02	1.0639332738e-01
6.4750000000e+02	9.7631955367e-02
6.4850000000e+02	2.6961041101e-01
6.4950000000e+02	1.2293219498e-01
6.5050000000e+02	1.5008344004e-01
6.5150000000e+02	1.4995797084e-01
6.5250000000e+02	8.0443103345e-02
6.5350000000e+02	5.6197196622e-02
6.5450000000e+02	4.5643395149e-02
6.5550000000e+02	-8.3836560272e-03
6.5650000000e+02	-6.4710745122e-02
6.5750000000e+02	-1.5353893499e-01
6.5850000000e+02	-1.3028141908e-01
6.5950000000e+02	-3.9017365386e-01
6.6050000000e+02	-3.9155896810e-01
6.6150000000e+02	-6.5510277152e-01
6.6250000000e+02	-6.8315281541e-01
6.6350000000e+02	-9.2560323911e-01
6.6450000000e+02	-1.0721908017e+00
6.6550000000e+02	-1.1535936896e+00
6.6650000000e+02	-1.3134238465e+00
6.6750000000e+02	-1.3350326564e+00
6.6850000000e+02	-1.3982696268e+00
6.6950000000e+02	-1.4838847903e+00
6.7050000000e+02	-1.5743780249e+00
6.7150000000e+02	-1.8357968090e+00
6.7250000000e+02	-2.0229348704e+00
6.7350000000e+02	-2.4251526838e+00
6.7450000000e+02	-2.8501533471e+00
6.7550000000e+02	-3.1966675395e+00
6.7650000000e+02	-3.6768901758e+00
6.7750000000e+02	-4.1750120845e+00
6.7850000000e+02	-4.9670684311e+00
6.7950000000e+02	-5.3143657394e+00
6.8050000000e+02	-5.8052601532e+00
6.8150000000e+02	-6.8619474798e+00
6.8250000000e+02	-6.9090530118e+00
6.8350000000e+02	-7.6458811974e+00
6.8450000000e+02	-7.8118083668e+00
6.8550000000e+02	-7.8811228197e+00
6.8650000000e+02	-7.3775697761e+00
6.8750000000e+02	-7.9314303229e+00
6.8850000000e+02	-6.0049250140e+00
6.8950000000e+02	-5.5251778879e+00
6.9050000000e+02	-4.5156063893e+00
6.9150000000e+02	-3.0125459104e+00
6.9250000000e+02	-2.7596003923e+00
6.9350000000e+02	-1.9056609470e+00
6.9450000000e+02	-1.4821601547e+00
6.9550000000e+02	-1.8478131417e+00
6.9650000000e+02	-1.2488994832e+00
6.9750000000e+02	-1.8670599376e+00
6.9850000000e+02	-4.3065745415e+00
6.9950000000e+02	-2.6678524722e+00
7.0050000000e+02	-2.9843022789e+00
7.0150000000e+02	-3.1635879701e+00
7.0250000000e+02	-3.4809273520e+00
7.0350000000e+02	-4.0143323882e+00
7.0450000000e+02	-4.6561258222e+00
7.0550000000e+02	-3.5927534416e+00
7.0650000000e+02	-3.3390899298e+00
7.0750000000e+02	-2.7518928140e+00
7.0850000000e+02	-2.2998151817e+00
7.0950000000e+02	-2.5639020245e+00
7.1050000000e+02	-2.1021221759e+00
7.1150000000e+02	-1.4003944202e+00
7.1250000000e+02	-1.7951540777e+00
7.1350000000e+02	-1.1969907697e+00
7.1450000000e+02	-1.1449262259e+00
7.1550000000e+02	-1.5127547619e+00
7.1650000000e+02	-2.8468170611e-01
7.1750000000e+02	-5.8327880742e-01
7.1850000000e+02	-4.5839770162e-01
7.1950000000e+02	-7.0925384726e-02
7.2050000000e+02	-2.4777113296e-01
7.2150000000e+02	8.5968957042e-03
7.2250000000e+02	1.8146535598e-01
7.2350000000e+02	1.9556752524e-01
7.2450000000e+02	3.3818350932e-01
7.2550000000e+02	4.3092017070e-01
7.2650000000e+02	1.0544475392e-01
7.2750000000e+02	5.7129382245e-01
7.2850000000e+02	1.0338905354e+00
7.2950000000e+02	6.8068382293e-01
7.3050000000e+02	7.2260471340e-01
7.3150000000e+02	7.8344419434e-01
7.3250000000e+02	8.2507572556e-01
7.3350000000e+02	9.7771039260e-01
7.3450000000e+02	9.7649933673e-01
7.3550000000e+02	7.9101380102e-01
7.3650000000e+02	9.4928421337e-01
7.3750000000e+02	8.5842848662e-01
7.3850000000e+02	9.2832480071e-01
7.3950000000e+02	9.6036647116e-01
7.4050000000e+02	1.0314719365e+00
7.4150000000e+02	1.0346901175e+00
7.4250000000e+02	1.0188134473e+00
7.4350000000e+02	9.9072000448e-01
7.4450000000e+02	1.0206497734e+00
7.4550000000e+02	1.0741932453e+00
7.4650000000e+02	1.0552679038e+00
7.4750000000e+02	1.0638322095e+00
7.4850000000e+02	9.9177266635e-01
7.4950000000e+02	9.6280915243e-01
7.5050000000e+02	9.7592470211e-01
7.5150000000e+02	9.5959880281e-01
7.5250000000e+02	9.4746465878e-01
7.5350000000e+02	8.9575362832e-01
7.5450000000e+02	9.1994776163e-01
7.5550000000e+02	8.6376618685e-01
7.5650000000e+02	8.2521052058e-01
7.5750000000e+02	8.2814211036e-01
7.5850000000e+02	8.0446934276e-01
7.5950000000e+02	8.0280199462e-01
7.6050000000e+02	7.6702872121e-01
7.6150000000e+02	7.9795218781e-01
