# Filename: guide/20231016step3C_Bulk_RP2_CA_Red_Ant1_RP1_clp_Bulk.ascii
 
Time explicit
Intervalnr 1
0.74000001
6.3850000000e+02	8.3507184366e-01
6.3950000000e+02	8.8275413136e-01
6.4050000000e+02	9.4638407575e-01
6.4150000000e+02	1.0014660717e+00
6.4250000000e+02	1.0479909363e+00
6.4350000000e+02	1.1383615989e+00
6.4450000000e+02	1.1695304137e+00
6.4550000000e+02	1.2071741936e+00
6.4650000000e+02	1.2657632503e+00
6.4750000000e+02	1.3023552462e+00
6.4850000000e+02	1.4155536338e+00
6.4950000000e+02	1.3590303753e+00
6.5050000000e+02	1.4329031555e+00
6.5150000000e+02	1.4275847360e+00
6.5250000000e+02	1.4275486648e+00
6.5350000000e+02	1.4426528527e+00
6.5450000000e+02	1.4426544410e+00
6.5550000000e+02	1.3991694416e+00
6.5650000000e+02	1.3300272088e+00
6.5750000000e+02	1.2694189174e+00
6.5850000000e+02	1.2111776292e+00
6.5950000000e+02	1.0543767914e+00
6.6050000000e+02	9.5870896507e-01
6.6150000000e+02	7.9301766239e-01
6.6250000000e+02	7.0221745994e-01
6.6350000000e+02	4.7969894001e-01
6.6450000000e+02	2.8254933730e-01
6.6550000000e+02	5.1842339362e-02
6.6650000000e+02	-2.2641199953e-01
6.6750000000e+02	-4.8342698391e-01
6.6850000000e+02	-7.8473444391e-01
6.6950000000e+02	-1.0717031446e+00
6.7050000000e+02	-1.3607840849e+00
6.7150000000e+02	-1.6868897667e+00
6.7250000000e+02	-2.0813542245e+00
6.7350000000e+02	-2.5387552461e+00
6.7450000000e+02	-3.0957559536e+00
6.7550000000e+02	-3.8162775191e+00
6.7650000000e+02	-4.7157355948e+00
6.7750000000e+02	-5.8237943780e+00
6.7850000000e+02	-7.3567543819e+00
6.7950000000e+02	-8.3682280089e+00
6.8050000000e+02	-9.6971183667e+00
6.8150000000e+02	-1.1362852290e+01
6.8250000000e+02	-1.2083616240e+01
6.8350000000e+02	-1.2985091325e+01
6.8450000000e+02	-1.3594352786e+01
6.8550000000e+02	-1.4029128234e+01
6.8650000000e+02	-1.4153620462e+01
6.8750000000e+02	-1.4660994432e+01
6.8850000000e+02	-1.3534169119e+01
6.8950000000e+02	-1.3240567943e+01
6.9050000000e+02	-1.2988720990e+01
6.9150000000e+02	-1.1196241734e+01
6.9250000000e+02	-1.0628760036e+01
6.9350000000e+02	-9.8201834795e+00
6.9450000000e+02	-8.6859853162e+00
6.9550000000e+02	-8.1591776538e+00
6.9650000000e+02	-7.1508825804e+00
6.9750000000e+02	-6.8495850703e+00
6.9850000000e+02	-6.7380545230e+00
6.9950000000e+02	-5.7511953926e+00
7.0050000000e+02	-5.4008533703e+00
7.0150000000e+02	-4.9953683860e+00
7.0250000000e+02	-4.7613689982e+00
7.0350000000e+02	-4.6167333521e+00
7.0450000000e+02	-3.6751542476e+00
7.0550000000e+02	-3.3085658058e+00
7.0650000000e+02	-3.0069274958e+00
7.0750000000e+02	-2.7310510231e+00
7.0850000000e+02	-2.4398320578e+00
7.0950000000e+02	-2.4529612022e+00
7.1050000000e+02	-1.9021645076e+00
7.1150000000e+02	-1.6380153059e+00
7.1250000000e+02	-1.6620504800e+00
7.1350000000e+02	-1.2747239004e+00
7.1450000000e+02	-1.2626312748e+00
7.1550000000e+02	-1.2877326675e+00
7.1650000000e+02	-7.3021592552e-01
7.1750000000e+02	-8.2042646218e-01
7.1850000000e+02	-7.1577405565e-01
7.1950000000e+02	-5.7360695841e-01
7.2050000000e+02	-5.7059840581e-01
7.2150000000e+02	-5.1274321001e-01
7.2250000000e+02	-4.3098200777e-01
7.2350000000e+02	-3.7310347512e-01
7.2450000000e+02	-3.5105352381e-01
7.2550000000e+02	-3.5057152204e-01
7.2650000000e+02	-3.4404924280e-01
7.2750000000e+02	-3.2400090702e-01
7.2850000000e+02	-2.6091672569e-01
7.2950000000e+02	-2.8550471605e-01
7.3050000000e+02	-2.7140505902e-01
7.3150000000e+02	-2.8030085741e-01
7.3250000000e+02	-2.8269066877e-01
7.3350000000e+02	-2.2852418308e-01
7.3450000000e+02	-2.8548986422e-01
7.3550000000e+02	-4.1626506607e-01
7.3650000000e+02	-2.8262135761e-01
7.3750000000e+02	-3.0694208619e-01
7.3850000000e+02	-3.1301895131e-01
7.3950000000e+02	-3.3474137655e-01
7.4050000000e+02	-3.4793176625e-01
7.4150000000e+02	-3.0239554571e-01
7.4250000000e+02	-3.2874547478e-01
7.4350000000e+02	-3.5316974610e-01
7.4450000000e+02	-3.0116503376e-01
7.4550000000e+02	-3.0405890467e-01
7.4650000000e+02	-3.1321926804e-01
7.4750000000e+02	-2.8035013242e-01
7.4850000000e+02	-3.1023838258e-01
7.4950000000e+02	-2.4897504678e-01
7.5050000000e+02	-2.3494285763e-01
7.5150000000e+02	-2.1243863605e-01
7.5250000000e+02	-1.8633709480e-01
7.5350000000e+02	-1.5673827170e-01
7.5450000000e+02	-1.2427668469e-01
7.5550000000e+02	-1.0013268368e-01
7.5650000000e+02	-6.7434164708e-02
7.5750000000e+02	-5.6909882563e-02
7.5850000000e+02	-3.6381307999e-02
7.5950000000e+02	-1.4470921217e-02
7.6050000000e+02	4.1026646501e-02
7.6150000000e+02	1.1157445925e-02
