# Filename: guide/20231011step5_Bulk_RP2_CA_Red_Ant1_RP1_RC_free_Red2_clp_RC_fitted.ascii
 
Time explicit
Intervalnr 1
0.74000001
6.3850000000e+02	1.8434387097e+00
6.3950000000e+02	1.8901649478e+00
6.4050000000e+02	1.9380927531e+00
6.4150000000e+02	1.9872268974e+00
6.4250000000e+02	2.0375670117e+00
6.4350000000e+02	2.0891066605e+00
6.4450000000e+02	2.1418322852e+00
6.4550000000e+02	2.1957219968e+00
6.4650000000e+02	2.2507441992e+00
6.4750000000e+02	2.3068560203e+00
6.4850000000e+02	2.3640015250e+00
6.4950000000e+02	2.4221096802e+00
6.5050000000e+02	2.4810920405e+00
6.5150000000e+02	2.5408401132e+00
6.5250000000e+02	2.6012223611e+00
6.5350000000e+02	2.6620807912e+00
6.5450000000e+02	2.7232270693e+00
6.5550000000e+02	2.7844380928e+00
6.5650000000e+02	2.8454509370e+00
6.5750000000e+02	2.9059570796e+00
6.5850000000e+02	2.9655957843e+00
6.5950000000e+02	3.0239464996e+00
6.6050000000e+02	3.0805200982e+00
6.6150000000e+02	3.1347487352e+00
6.6250000000e+02	3.1859740501e+00
6.6350000000e+02	3.2334333588e+00
6.6450000000e+02	3.2762433786e+00
6.6550000000e+02	3.3133808934e+00
6.6650000000e+02	3.3436595705e+00
6.6750000000e+02	3.3657018804e+00
6.6850000000e+02	3.3779047042e+00
6.6950000000e+02	3.3783966999e+00
6.7050000000e+02	3.3649847742e+00
6.7150000000e+02	3.3350859801e+00
6.7250000000e+02	3.2856396813e+00
6.7350000000e+02	3.2129926952e+00
6.7450000000e+02	3.1127470280e+00
6.7550000000e+02	2.9795552759e+00
6.7650000000e+02	2.8068421075e+00
6.7750000000e+02	2.5864204736e+00
6.7850000000e+02	2.3079570381e+00
6.7950000000e+02	1.9582215758e+00
6.8050000000e+02	1.5200302591e+00
6.8150000000e+02	9.7077179280e-01
6.8250000000e+02	2.8043065740e-01
6.8350000000e+02	-5.9073231149e-01
6.8450000000e+02	-1.6934873320e+00
6.8550000000e+02	-3.0830829664e+00
6.8650000000e+02	-4.7697825664e+00
6.8750000000e+02	-6.4125040492e+00
6.8850000000e+02	-7.0663110267e+00
6.8950000000e+02	-7.6368160141e+00
6.9050000000e+02	-8.2218050626e+00
6.9150000000e+02	-8.8147064883e+00
6.9250000000e+02	-9.4073823438e+00
6.9350000000e+02	-9.9900141499e+00
6.9450000000e+02	-1.0551034063e+01
6.9550000000e+02	-1.1077122551e+01
6.9650000000e+02	-1.1553297455e+01
6.9750000000e+02	-1.1963122517e+01
6.9850000000e+02	-1.2289065416e+01
6.9950000000e+02	-1.2513034978e+01
7.0050000000e+02	-1.2617123315e+01
7.0150000000e+02	-1.2584569502e+01
7.0250000000e+02	-1.2400945286e+01
7.0350000000e+02	-1.2055538430e+01
7.0450000000e+02	-1.1542874184e+01
7.0550000000e+02	-1.0864269830e+01
7.0650000000e+02	-1.0029263023e+01
7.0750000000e+02	-9.0566967996e+00
7.0850000000e+02	-7.9751929366e+00
7.0950000000e+02	-6.8227168620e+00
7.1050000000e+02	-5.6449547358e+00
7.1150000000e+02	-4.4923142192e+00
7.1250000000e+02	-3.4155513676e+00
7.1350000000e+02	-2.4603298311e+00
7.1450000000e+02	-1.6614145299e+00
7.1550000000e+02	-1.0376115227e+00
7.1650000000e+02	-5.8883313011e-01
7.1750000000e+02	-2.9656965796e-01
7.1850000000e+02	-1.2837058549e-01
7.1950000000e+02	-4.5637638638e-02
7.2050000000e+02	-1.2471263221e-02
7.2150000000e+02	-2.3664372624e-03
7.2250000000e+02	-2.6420891690e-04
7.2350000000e+02	-1.2943092634e-05
7.2450000000e+02	-1.5474542730e-07
7.2550000000e+02	-1.0879203064e-10
7.2650000000e+02	-2.9116011106e-17
7.2750000000e+02	-1.4569381385e-94
7.2850000000e+02	0.0000000000e+00
7.2950000000e+02	0.0000000000e+00
7.3050000000e+02	0.0000000000e+00
7.3150000000e+02	0.0000000000e+00
7.3250000000e+02	0.0000000000e+00
7.3350000000e+02	0.0000000000e+00
7.3450000000e+02	0.0000000000e+00
7.3550000000e+02	0.0000000000e+00
7.3650000000e+02	0.0000000000e+00
7.3750000000e+02	0.0000000000e+00
7.3850000000e+02	0.0000000000e+00
7.3950000000e+02	0.0000000000e+00
7.4050000000e+02	0.0000000000e+00
7.4150000000e+02	0.0000000000e+00
7.4250000000e+02	0.0000000000e+00
7.4350000000e+02	0.0000000000e+00
7.4450000000e+02	0.0000000000e+00
7.4550000000e+02	0.0000000000e+00
7.4650000000e+02	0.0000000000e+00
7.4750000000e+02	0.0000000000e+00
7.4850000000e+02	0.0000000000e+00
7.4950000000e+02	0.0000000000e+00
7.5050000000e+02	0.0000000000e+00
7.5150000000e+02	0.0000000000e+00
7.5250000000e+02	0.0000000000e+00
7.5350000000e+02	0.0000000000e+00
7.5450000000e+02	0.0000000000e+00
7.5550000000e+02	0.0000000000e+00
7.5650000000e+02	0.0000000000e+00
7.5750000000e+02	0.0000000000e+00
7.5850000000e+02	0.0000000000e+00
7.5950000000e+02	0.0000000000e+00
7.6050000000e+02	0.0000000000e+00
7.6150000000e+02	0.0000000000e+00
