# Filename: guide/20231011step4D_Bulk_RP2_CA_Red_Ant1_RP1_RC_free_clp_RP1.ascii
 
Time explicit
Intervalnr 1
0.74000001
6.3850000000e+02	-5.8369151010e-01
6.3950000000e+02	-5.9548663014e-01
6.4050000000e+02	-5.0241119847e-01
6.4150000000e+02	-4.6391276970e-01
6.4250000000e+02	-4.7848890919e-01
6.4350000000e+02	-4.0082695603e-01
6.4450000000e+02	-3.9697511642e-01
6.4550000000e+02	-4.2331451987e-01
6.4650000000e+02	-3.2600730654e-01
6.4750000000e+02	-3.1973580735e-01
6.4850000000e+02	-1.0916600574e-01
6.4950000000e+02	-3.7162775253e-01
6.5050000000e+02	-2.6747284128e-01
6.5150000000e+02	-3.3421722750e-01
6.5250000000e+02	-4.3219289075e-01
6.5350000000e+02	-4.2249861885e-01
6.5450000000e+02	-4.5971048612e-01
6.5550000000e+02	-5.3699039780e-01
6.5650000000e+02	-5.4964265106e-01
6.5750000000e+02	-6.5785536601e-01
6.5850000000e+02	-5.2472297758e-01
6.5950000000e+02	-8.5651672293e-01
6.6050000000e+02	-8.4245795954e-01
6.6150000000e+02	-1.0658012754e+00
6.6250000000e+02	-1.0951221815e+00
6.6350000000e+02	-1.3514510849e+00
6.6450000000e+02	-1.4816808671e+00
6.6550000000e+02	-1.5141462003e+00
6.6650000000e+02	-1.6571821946e+00
6.6750000000e+02	-1.5119352797e+00
6.6850000000e+02	-1.5118964811e+00
6.6950000000e+02	-1.4729731199e+00
6.7050000000e+02	-1.4783670066e+00
6.7150000000e+02	-1.7296192984e+00
6.7250000000e+02	-1.8035665646e+00
6.7350000000e+02	-2.1441972542e+00
6.7450000000e+02	-2.5125610209e+00
6.7550000000e+02	-2.7867431854e+00
6.7650000000e+02	-3.1916493396e+00
6.7750000000e+02	-3.5294937820e+00
6.7850000000e+02	-4.0959594519e+00
6.7950000000e+02	-4.4170157285e+00
6.8050000000e+02	-4.7989657417e+00
6.8150000000e+02	-6.4192658310e+00
6.8250000000e+02	-6.2128798431e+00
6.8350000000e+02	-7.0785474683e+00
6.8450000000e+02	-7.0856422880e+00
6.8550000000e+02	-7.1170094643e+00
6.8650000000e+02	-6.2630130308e+00
6.8750000000e+02	-7.1966066484e+00
6.8850000000e+02	-4.7793854993e+00
6.8950000000e+02	-4.3715653016e+00
6.9050000000e+02	-3.0218649852e+00
6.9150000000e+02	-1.5653235877e+00
6.9250000000e+02	-1.4646586324e+00
6.9350000000e+02	-4.7553290460e-01
6.9450000000e+02	-2.0093862245e-01
6.9550000000e+02	-7.6346226484e-01
6.9650000000e+02	-1.0984819663e-01
6.9750000000e+02	-3.2322581515e-01
6.9850000000e+02	-3.3731483528e+00
6.9950000000e+02	-1.8691072020e+00
7.0050000000e+02	-2.3091773521e+00
7.0150000000e+02	-2.5026648668e+00
7.0250000000e+02	-1.2880010785e+00
7.0350000000e+02	-2.0275663230e+00
7.0450000000e+02	-3.0659449512e+00
7.0550000000e+02	-1.9516942694e+00
7.0650000000e+02	-1.9484134991e+00
7.0750000000e+02	-2.0980008092e+00
7.0850000000e+02	-1.5604518078e+00
7.0950000000e+02	-1.9568200152e+00
7.1050000000e+02	-1.3928097938e+00
7.1150000000e+02	-5.9067802404e-01
7.1250000000e+02	-1.1608919910e+00
7.1350000000e+02	-4.4392537076e-01
7.1450000000e+02	-4.5186004321e-01
7.1550000000e+02	-9.2678038413e-01
7.1650000000e+02	5.7148226075e-01
7.1750000000e+02	1.8092781612e-02
7.1850000000e+02	1.9859551644e-01
7.1950000000e+02	5.9731586777e-01
7.2050000000e+02	3.2495281169e-01
7.2150000000e+02	6.4822505876e-01
7.2250000000e+02	7.6448864122e-01
7.2350000000e+02	7.5398227658e-01
7.2450000000e+02	9.0839022055e-01
7.2550000000e+02	9.7151046936e-01
7.2650000000e+02	5.6841535114e-01
7.2750000000e+02	1.1182617007e+00
7.2850000000e+02	1.5817415476e+00
7.2950000000e+02	1.0402654529e+00
7.3050000000e+02	1.1143147851e+00
7.3150000000e+02	1.1616062814e+00
7.3250000000e+02	1.1845830934e+00
7.3350000000e+02	1.3724119868e+00
7.3450000000e+02	1.3326731030e+00
7.3550000000e+02	1.0531967752e+00
7.3650000000e+02	1.2843885202e+00
7.3750000000e+02	1.1259704267e+00
7.3850000000e+02	1.1878019771e+00
7.3950000000e+02	1.2268719167e+00
7.4050000000e+02	1.2976799110e+00
7.4150000000e+02	1.3072503488e+00
7.4250000000e+02	1.2882700914e+00
7.4350000000e+02	1.2403545108e+00
7.4450000000e+02	1.2795513706e+00
7.4550000000e+02	1.3523733331e+00
7.4650000000e+02	1.3185110994e+00
7.4750000000e+02	1.3372402465e+00
7.4850000000e+02	1.2246693470e+00
7.4950000000e+02	1.1949770532e+00
7.5050000000e+02	1.2136527928e+00
7.5150000000e+02	1.1878457248e+00
7.5250000000e+02	1.1824558152e+00
7.5350000000e+02	1.1039370691e+00
7.5450000000e+02	1.1298819733e+00
7.5550000000e+02	1.0562385855e+00
7.5650000000e+02	1.0008786927e+00
7.5750000000e+02	1.0117617912e+00
7.5850000000e+02	9.6918293326e-01
7.5950000000e+02	9.6519269051e-01
7.6050000000e+02	9.0395740782e-01
7.6150000000e+02	9.4493859108e-01
