# Filename: guide/20231011step5_Bulk_RP2_CA_Red_Ant1_RP1_RC_free_Red2_clp_RP1.ascii
 
Time explicit
Intervalnr 1
0.74000001
6.3850000000e+02	-5.1029748412e-01
6.3950000000e+02	-5.1936457982e-01
6.4050000000e+02	-4.3603557867e-01
6.4150000000e+02	-3.9449901651e-01
6.4250000000e+02	-4.0284435450e-01
6.4350000000e+02	-3.3380738369e-01
6.4450000000e+02	-3.2463751502e-01
6.4550000000e+02	-3.4334249907e-01
6.4650000000e+02	-2.5438345317e-01
6.4750000000e+02	-2.4398122073e-01
6.4850000000e+02	-5.8928611757e-02
6.4950000000e+02	-2.8014915954e-01
6.5050000000e+02	-1.8954811404e-01
6.5150000000e+02	-2.4790348215e-01
6.5250000000e+02	-3.3026561210e-01
6.5350000000e+02	-3.1879425799e-01
6.5450000000e+02	-3.5557515722e-01
6.5550000000e+02	-4.2705900492e-01
6.5650000000e+02	-4.4221597954e-01
6.5750000000e+02	-5.4308870242e-01
6.5850000000e+02	-4.3439600792e-01
6.5950000000e+02	-7.2584704169e-01
6.6050000000e+02	-7.2585342664e-01
6.6150000000e+02	-9.1914390040e-01
6.6250000000e+02	-9.5342280531e-01
6.6350000000e+02	-1.1893655554e+00
6.6450000000e+02	-1.3117954525e+00
6.6550000000e+02	-1.3549269127e+00
6.6650000000e+02	-1.4889128510e+00
6.6750000000e+02	-1.3653350154e+00
6.6850000000e+02	-1.3786995175e+00
6.6950000000e+02	-1.3560288616e+00
6.7050000000e+02	-1.3765255807e+00
6.7150000000e+02	-1.6215953487e+00
6.7250000000e+02	-1.7091890437e+00
6.7350000000e+02	-2.0463554437e+00
6.7450000000e+02	-2.4186553594e+00
6.7550000000e+02	-2.7020964732e+00
6.7650000000e+02	-3.1334913987e+00
6.7750000000e+02	-3.4855893389e+00
6.7850000000e+02	-4.0933168575e+00
6.7950000000e+02	-4.4517275600e+00
6.8050000000e+02	-4.8987555234e+00
6.8150000000e+02	-6.4184366759e+00
6.8250000000e+02	-6.3581224886e+00
6.8350000000e+02	-7.1322464325e+00
6.8450000000e+02	-7.1926401255e+00
6.8550000000e+02	-7.2174588910e+00
6.8650000000e+02	-6.5026956451e+00
6.8750000000e+02	-7.1386035515e+00
6.8850000000e+02	-4.9939744834e+00
6.8950000000e+02	-4.5061932885e+00
6.9050000000e+02	-3.3202273989e+00
6.9150000000e+02	-1.9239911567e+00
6.9250000000e+02	-1.7381990955e+00
6.9350000000e+02	-8.7624951665e-01
6.9450000000e+02	-5.8159124945e-01
6.9550000000e+02	-1.0457577994e+00
6.9650000000e+02	-5.0946674728e-01
6.9750000000e+02	-7.1076944234e-01
6.9850000000e+02	-3.5534552671e+00
6.9950000000e+02	-2.0776979895e+00
7.0050000000e+02	-2.4982782102e+00
7.0150000000e+02	-2.6677627945e+00
7.0250000000e+02	-1.3631397825e+00
7.0350000000e+02	-2.1165414641e+00
7.0450000000e+02	-3.1304224794e+00
7.0550000000e+02	-1.9965211572e+00
7.0650000000e+02	-2.0664874930e+00
7.0750000000e+02	-2.2289488638e+00
7.0850000000e+02	-1.7549667562e+00
7.0950000000e+02	-2.0404414651e+00
7.1050000000e+02	-1.5686552690e+00
7.1150000000e+02	-8.7926904252e-01
7.1250000000e+02	-1.2795263503e+00
7.1350000000e+02	-6.8905613696e-01
7.1450000000e+02	-6.4110823655e-01
7.1550000000e+02	-1.0262516952e+00
7.1650000000e+02	2.2610268102e-01
7.1750000000e+02	-9.0738104922e-02
7.1850000000e+02	5.2309087881e-03
7.1950000000e+02	3.6671296729e-01
7.2050000000e+02	1.4450800496e-01
7.2150000000e+02	4.1205001871e-01
7.2250000000e+02	5.4722476892e-01
7.2350000000e+02	5.2532742645e-01
7.2450000000e+02	6.6433711906e-01
7.2550000000e+02	7.4791079132e-01
7.2650000000e+02	3.5731303679e-01
7.2750000000e+02	8.1899470560e-01
7.2850000000e+02	1.2997439636e+00
7.2950000000e+02	8.8381716811e-01
7.3050000000e+02	9.2076256361e-01
7.3150000000e+02	9.5741654244e-01
7.3250000000e+02	9.7513403015e-01
7.3350000000e+02	1.1191154936e+00
7.3450000000e+02	1.1155053609e+00
7.3550000000e+02	9.3086789456e-01
7.3650000000e+02	1.0782674225e+00
7.3750000000e+02	9.6082633186e-01
7.3850000000e+02	1.0276675209e+00
7.3950000000e+02	1.0553255960e+00
7.4050000000e+02	1.1270000608e+00
7.4150000000e+02	1.1390440856e+00
7.4250000000e+02	1.1150012991e+00
7.4350000000e+02	1.0854803451e+00
7.4450000000e+02	1.1233915219e+00
7.4550000000e+02	1.1777438425e+00
7.4650000000e+02	1.1578865438e+00
7.4750000000e+02	1.1674332765e+00
7.4850000000e+02	1.0983290329e+00
7.4950000000e+02	1.0570618018e+00
7.5050000000e+02	1.0824467529e+00
7.5150000000e+02	1.0628298499e+00
7.5250000000e+02	1.0539362082e+00
7.5350000000e+02	9.9908719596e-01
7.5450000000e+02	1.0254343981e+00
7.5550000000e+02	9.7060833141e-01
7.5650000000e+02	9.1989733086e-01
7.5750000000e+02	9.2998560230e-01
7.5850000000e+02	9.0710620205e-01
7.5950000000e+02	9.0762064647e-01
7.6050000000e+02	8.5434785138e-01
7.6150000000e+02	8.9118935297e-01
