# Filename: guide/20231011step4D_Bulk_RP2_CA_Red_Ant1_RP1_RC_free_clp_RP2.ascii
 
Time explicit
Intervalnr 1
0.74000001
6.3850000000e+02	-5.3155655201e-01
6.3950000000e+02	-5.4116436411e-01
6.4050000000e+02	-5.5324709306e-01
6.4150000000e+02	-5.5311330695e-01
6.4250000000e+02	-5.6024419908e-01
6.4350000000e+02	-5.8771746910e-01
6.4450000000e+02	-6.0835055185e-01
6.4550000000e+02	-6.1409826901e-01
6.4650000000e+02	-6.5048268757e-01
6.4750000000e+02	-6.6788018869e-01
6.4850000000e+02	-7.2412608949e-01
6.4950000000e+02	-7.4710284248e-01
6.5050000000e+02	-7.7808920789e-01
6.5150000000e+02	-8.2131902286e-01
6.5250000000e+02	-8.4304659709e-01
6.5350000000e+02	-8.5571150443e-01
6.5450000000e+02	-8.7901321336e-01
6.5550000000e+02	-8.8670446963e-01
6.5650000000e+02	-8.8127671910e-01
6.5750000000e+02	-8.8993827500e-01
6.5850000000e+02	-8.8054470842e-01
6.5950000000e+02	-8.7394116704e-01
6.6050000000e+02	-8.8039576718e-01
6.6150000000e+02	-8.3525402290e-01
6.6250000000e+02	-8.5528233777e-01
6.6350000000e+02	-8.2150033956e-01
6.6450000000e+02	-8.0025034621e-01
6.6550000000e+02	-7.7414109329e-01
6.6650000000e+02	-7.5272219000e-01
6.6750000000e+02	-6.7089708486e-01
6.6850000000e+02	-6.5084686425e-01
6.6950000000e+02	-6.1263592105e-01
6.7050000000e+02	-6.3248099045e-01
6.7150000000e+02	-6.7968025764e-01
6.7250000000e+02	-7.1833716440e-01
6.7350000000e+02	-8.1049328636e-01
6.7450000000e+02	-8.7115454513e-01
6.7550000000e+02	-9.2963130518e-01
6.7650000000e+02	-9.7361115866e-01
6.7750000000e+02	-1.0409615410e+00
6.7850000000e+02	-1.2099078519e+00
6.7950000000e+02	-1.3485500187e+00
6.8050000000e+02	-1.5958389714e+00
6.8150000000e+02	-1.9896253877e+00
6.8250000000e+02	-2.0673499289e+00
6.8350000000e+02	-2.0666752089e+00
6.8450000000e+02	-1.8489550780e+00
6.8550000000e+02	-1.4208006100e+00
6.8650000000e+02	-8.5672637528e-01
6.8750000000e+02	-1.9202031897e-01
6.8850000000e+02	4.6881346950e-01
6.8950000000e+02	9.0820932926e-01
6.9050000000e+02	1.1646084041e+00
6.9150000000e+02	1.1286806608e+00
6.9250000000e+02	9.3842346838e-01
6.9350000000e+02	5.9159245064e-01
6.9450000000e+02	8.6995557108e-02
6.9550000000e+02	-4.5370705678e-01
6.9650000000e+02	-1.0767834437e+00
6.9750000000e+02	-1.6616996283e+00
6.9850000000e+02	-2.3217232056e+00
6.9950000000e+02	-2.7448796575e+00
7.0050000000e+02	-3.0804206963e+00
7.0150000000e+02	-3.3014732910e+00
7.0250000000e+02	-3.4853768478e+00
7.0350000000e+02	-3.7390068238e+00
7.0450000000e+02	-3.3839393749e+00
7.0550000000e+02	-3.0792552366e+00
7.0650000000e+02	-2.9704128299e+00
7.0750000000e+02	-2.8428561307e+00
7.0850000000e+02	-2.6878399101e+00
7.0950000000e+02	-2.5668248838e+00
7.1050000000e+02	-2.3810162500e+00
7.1150000000e+02	-2.1979256990e+00
7.1250000000e+02	-2.0366060834e+00
7.1350000000e+02	-1.8653659731e+00
7.1450000000e+02	-1.7681996850e+00
7.1550000000e+02	-1.7030352427e+00
7.1650000000e+02	-1.4503207994e+00
7.1750000000e+02	-1.3532986091e+00
7.1850000000e+02	-1.2225300745e+00
7.1950000000e+02	-1.1186294437e+00
7.2050000000e+02	-1.0354357856e+00
7.2150000000e+02	-9.1846718562e-01
7.2250000000e+02	-8.4226163324e-01
7.2350000000e+02	-7.3699573856e-01
7.2450000000e+02	-6.7734423319e-01
7.2550000000e+02	-6.8297705266e-01
7.2650000000e+02	-6.3846560245e-01
7.2750000000e+02	-4.9779462874e-01
7.2850000000e+02	-4.2406980289e-01
7.2950000000e+02	-3.7565512507e-01
7.3050000000e+02	-3.1859625733e-01
7.3150000000e+02	-2.8653942690e-01
7.3250000000e+02	-2.3801364359e-01
7.3350000000e+02	-2.1812169630e-01
7.3450000000e+02	-1.6460062298e-01
7.3550000000e+02	-1.3193781830e-01
7.3650000000e+02	-1.0458283143e-01
7.3750000000e+02	-7.0765171824e-02
7.3850000000e+02	-5.4189603253e-02
7.3950000000e+02	-2.7362314811e-02
7.4050000000e+02	9.3125237343e-03
7.4150000000e+02	3.1452229294e-02
7.4250000000e+02	4.2522274982e-02
7.4350000000e+02	6.4069075662e-02
7.4450000000e+02	7.7878179038e-02
7.4550000000e+02	9.2551941767e-02
7.4650000000e+02	1.0522805973e-01
7.4750000000e+02	1.2204932504e-01
7.4850000000e+02	1.4142441823e-01
7.4950000000e+02	1.2713365102e-01
7.5050000000e+02	1.4345188283e-01
7.5150000000e+02	1.4841803221e-01
7.5250000000e+02	1.5184756577e-01
7.5350000000e+02	1.6838140621e-01
7.5450000000e+02	1.6642845076e-01
7.5550000000e+02	1.7125121134e-01
7.5650000000e+02	1.7327312474e-01
7.5750000000e+02	1.8020110319e-01
7.5850000000e+02	1.8354370415e-01
7.5950000000e+02	1.8628067958e-01
7.6050000000e+02	1.9151341843e-01
7.6150000000e+02	2.0032713112e-01
