synWTred670_700nm_exc2RPnocycle1nm_revi.ascii                                                                                                                                                           
                                                                                
 Time explicit
 Intervalnr            1
          11
   638.500000       157.080002    
   639.500000       162.990005    
   640.500000       169.679993    
   641.500000       176.259995    
   642.500000       180.070007    
   643.500000       186.830002    
   644.500000       194.830002    
   645.500000       192.360001    
   646.500000       200.729996    
   647.500000       200.529999    
   648.500000       218.889999    
   649.500000       211.979996    
   650.500000       220.899994    
   651.500000       231.339996    
   652.500000       231.320007    
   653.500000       238.820007    
   654.500000       240.699997    
   655.500000       236.250000    
   656.500000       227.169998    
   657.500000       212.330002    
   658.500000       187.800003    
   659.500000       157.479996    
   660.500000       130.440002    
   661.500000       106.400002    
   662.500000       95.5950012    
   663.500000       78.5619965    
   664.500000       54.8650017    
   665.500000      -8.94379997    
   666.500000            -102
   667.500000      -236.750000    
   668.500000      -398.559998    
   669.500000      -542.840027    
   670.500000      -657.150024    
   671.500000      -715.500000    
   672.500000      -728.049988    
   673.500000      -678.789978    
   674.500000            -620
   675.500000      -486.579987    
   676.500000      -373.799988    
   677.500000      -247.610001    
   678.500000      -184.100006    
   679.500000      -39.8009987    
   680.500000       46.1180000    
   681.500000       98.6050034    
   682.500000             187
   683.500000       242.949997    
   684.500000       272.579987    
   685.500000       294.950012    
   686.500000       343.029999    
   687.500000       319.260010    
   688.500000       331.480011    
   689.500000       328.700012    
   690.500000       342.239990    
   691.500000       311.739990    
   692.500000       277.309998    
   693.500000       264.970001    
   694.500000       230.559998    
   695.500000       208.669998    
   696.500000       174.399994    
   697.500000       143.369995    
   698.500000       159.759995    
   699.500000       117.750000    
   700.500000       97.4550018    
   701.500000       88.9830017    
   702.500000       85.1979980    
   703.500000       69.1309967    
   704.500000       22.7929993    
   705.500000       27.6739998    
   706.500000       18.0340004    
   707.500000       19.4899998    
   708.500000       24.2049999    
   709.500000       29.4610004    
   710.500000       25.8400002    
   711.500000       24.9829998    
   712.500000       23.4890003    
   713.500000       17.9799995    
   714.500000       29.3379993    
   715.500000       24.7169991    
   716.500000       17.5849991    
   717.500000       12.5790005    
   718.500000       4.98320007    
   719.500000       1.84809995    
   720.500000      -2.69659996    
   721.500000      -3.93729997    
   722.500000      -12.9379997    
   723.500000      -6.45970011    
   724.500000      -7.80509996    
   725.500000      -27.1429996    
   726.500000      -18.0419998    
   727.500000      -28.5930004    
   728.500000      -29.2609997    
   729.500000      -21.7880001    
   730.500000      -28.5400009    
   731.500000      -25.9150009    
   732.500000      -12.7570000    
   733.500000       8.66860002E-02
   734.500000      -4.81990004    
   735.500000      -4.49580002    
   736.500000      -4.73619986    
   737.500000      0.832700014    
   738.500000       15.2489996    
   739.500000       12.9490004    
   740.500000       9.64019966    
   741.500000       11.5970001    
   742.500000       8.10849953    
   743.500000       14.1999998    
   744.500000       9.94950008    
   745.500000       9.61050034    
   746.500000       4.04769993    
   747.500000       5.37550020    
   748.500000       1.05869997    
   749.500000       2.93650007    
   750.500000      -1.12390006    
   751.500000       3.41470003    
   752.500000      -3.70090008    
   753.500000       3.64070010    
   754.500000       1.28610003    
   755.500000      0.570749998    
   756.500000       7.47739983    
   757.500000      0.326440006    
   758.500000      -2.18359995    
   759.500000      -1.80809999    
   760.500000     -0.920769989    
   761.500000      -4.23470020    
