synWTred670_700nm_exc2RPnocycle1nm_reve.ascii                                                                                                                                                           
                                                                                
 Time explicit
 Intervalnr            1
           1
   638.500000       51.7338295    
   639.500000       55.1115608    
   640.500000       58.6987343    
   641.500000       62.5034142    
   642.500000       66.5327606    
   643.500000       70.7920837    
   644.500000       75.2851028    
   645.500000       80.0119781    
   646.500000       84.9700699    
   647.500000       90.1511002    
   648.500000       95.5408936    
   649.500000       101.116791    
   650.500000       106.846603    
   651.500000       112.684608    
   652.500000       118.569496    
   653.500000       124.419991    
   654.500000       130.129715    
   655.500000       135.562714    
   656.500000       140.546631    
   657.500000       144.865280    
   658.500000       148.252090    
   659.500000       150.383057    
   660.500000       150.870499    
   661.500000       149.263046    
   662.500000       145.052200    
   663.500000       137.694748    
   664.500000       126.662163    
   665.500000       111.529404    
   666.500000       92.1333389    
   667.500000       68.8139648    
   668.500000       42.7536621    
   669.500000       16.3243504    
   670.500000      -6.89755011    
   671.500000      -23.4183903    
   672.500000      -33.6070557    
   673.500000      -43.2060661    
   674.500000      -54.8880577    
   675.500000      -68.9959183    
   676.500000      -85.8299179    
   677.500000      -105.679115    
   678.500000      -128.805634    
   679.500000      -155.431442    
   680.500000      -185.718842    
   681.500000      -219.759445    
   682.500000      -257.557190    
   683.500000      -299.011017    
   684.500000      -343.911346    
   685.500000      -391.930237    
   686.500000      -442.611450    
   687.500000      -495.391541    
   688.500000      -549.584412    
   689.500000      -604.413391    
   690.500000      -659.025452    
   691.500000      -712.498230    
   692.500000      -763.894592    
   693.500000      -812.268738    
   694.500000      -856.701782    
   695.500000      -896.336792    
   696.500000      -930.407715    
   697.500000      -958.255676    
   698.500000      -979.358948    
   699.500000      -993.344543    
   700.500000           -1000
   701.500000      -999.278015    
   702.500000      -991.293152    
   703.500000      -976.315918    
   704.500000      -954.758301    
   705.500000      -927.156799    
   706.500000      -894.147949    
   707.500000      -856.454224    
   708.500000      -814.848755    
   709.500000      -770.134277    
   710.500000      -723.124084    
   711.500000      -674.608826    
   712.500000      -625.352905    
   713.500000      -576.058716    
   714.500000      -527.368042    
   715.500000      -479.849518    
   716.500000      -433.985168    
   717.500000      -390.172638    
   718.500000      -348.729340    
   719.500000      -309.886322    
   720.500000      -273.799774    
   721.500000      -240.553482    
   722.500000      -210.171844    
   723.500000      -182.622879    
   724.500000      -157.826584    
   725.500000      -135.671387    
   726.500000      -116.012543    
   727.500000      -98.6873627    
   728.500000      -83.5204926    
   729.500000      -70.3277512    
   730.500000      -58.9235535    
   731.500000      -49.1262703    
   732.500000      -40.7593231    
   733.500000      -33.6559677    
   734.500000      -27.6591969    
   735.500000      -22.6251965    
   736.500000      -18.4223175    
   737.500000      -14.9323416    
   738.500000      -12.0492868    
   739.500000      -9.68014336    
   740.500000      -7.74294519    
   741.500000      -6.16689253    
   742.500000      -4.89084101    
   743.500000      -3.86263490    
   744.500000      -3.03799367    
   745.500000      -2.37974191    
   746.500000      -1.85663509    
   747.500000      -1.44278526    
   748.500000      -1.11681128    
   749.500000     -0.861162603    
   750.500000     -0.661508620    
   751.500000     -0.506245196    
   752.500000     -0.385992110    
   753.500000     -0.293236375    
   754.500000     -0.221967235    
   755.500000     -0.167425200    
   756.500000     -0.125843048    
   757.500000      -9.42634121E-02
   758.500000      -7.03683943E-02
   759.500000      -5.23536429E-02
   760.500000      -3.88228111E-02
   761.500000      -2.86948774E-02
