synWTred670_700nm_exc2RPnocycle1nm_revh.ascii                                                                                                                                                           
                                                                                
 Time explicit
 Intervalnr            1
           8
   638.500000      -388.130005    
   639.500000      -363.160004    
   640.500000      -314.010010    
   641.500000      -264.880005    
   642.500000      -225.339996    
   643.500000      -179.389999    
   644.500000      -105.870003    
   645.500000      -88.6429977    
   646.500000      -15.8870001    
   647.500000       14.3310003    
   648.500000       93.8320007    
   649.500000       99.0830002    
   650.500000       109.580002    
   651.500000       134.770004    
   652.500000       124.529999    
   653.500000       131.729996    
   654.500000       131.800003    
   655.500000       122.570000    
   656.500000       119.480003    
   657.500000       88.8330002    
   658.500000       72.4609985    
   659.500000      -19.6060009    
   660.500000      -59.0270004    
   661.500000      -170.369995    
   662.500000      -190.039993    
   663.500000      -324.200012    
   664.500000      -400.160004    
   665.500000      -474.989990    
   666.500000      -522.309998    
   667.500000      -566.880005    
   668.500000      -581.669983    
   669.500000      -631.590027    
   670.500000      -735.260010    
   671.500000      -917.059998    
   672.500000           -1082
   673.500000      -1396.69995    
   674.500000      -1730.19995    
   675.500000      -1986.90002    
   676.500000      -2330.60010    
   677.500000      -2643.89990    
   678.500000      -3093.80005    
   679.500000      -3417.89990    
   680.500000      -3849.30005    
   681.500000      -4450.70020    
   682.500000      -4793.60010    
   683.500000      -5211.60010    
   684.500000      -5449.39990    
   685.500000      -5412.79980    
   686.500000           -5278
   687.500000      -4843.89990    
   688.500000      -3898.80005    
   689.500000      -3186.30005    
   690.500000      -2700.19995    
   691.500000      -1674.69995    
   692.500000      -1330.69995    
   693.500000      -992.859985    
   694.500000      -878.619995    
   695.500000      -1094.80005    
   696.500000      -1210.50000    
   697.500000      -1680.50000    
   698.500000      -2498.89990    
   699.500000      -2459.69995    
   700.500000      -2866.60010    
   701.500000      -3078.89990    
   702.500000      -3300.80005    
   703.500000      -3827.19995    
   704.500000      -4031.69995    
   705.500000      -3354.50000    
   706.500000      -3283.10010    
   707.500000      -3098.69995    
   708.500000      -2870.80005    
   709.500000      -2807.60010    
   710.500000      -2749.39990    
   711.500000      -2369.60010    
   712.500000      -2154.89990    
   713.500000      -1923.90002    
   714.500000      -1581.80005    
   715.500000      -1680.90002    
   716.500000      -1295.30005    
   717.500000      -1022.20001    
   718.500000      -1031.69995    
   719.500000      -878.820007    
   720.500000      -921.900024    
   721.500000      -839.429993    
   722.500000      -665.039978    
   723.500000      -573.349976    
   724.500000      -406.160004    
   725.500000      -207.869995    
   726.500000      -546.700012    
   727.500000      -335.510010    
   728.500000       65.9619980    
   729.500000       99.9229965    
   730.500000       163.580002    
   731.500000       200.830002    
   732.500000       243.330002    
   733.500000       282.589996    
   734.500000       405.089996    
   735.500000       448.779999    
   736.500000       485.170013    
   737.500000       502.809998    
   738.500000       549.469971    
   739.500000       605.010010    
   740.500000       683.669983    
   741.500000       691.619995    
   742.500000       707.479980    
   743.500000       730.539978    
   744.500000       731.729980    
   745.500000       792.030029    
   746.500000       795.289978    
   747.500000       789.650024    
   748.500000       784.030029    
   749.500000       726.599976    
   750.500000       773.750000    
   751.500000       759.090027    
   752.500000       742.039978    
   753.500000       719.830017    
   754.500000       727.799988    
   755.500000       698.489990    
   756.500000       671.799988    
   757.500000       692.619995    
   758.500000       693.510010    
   759.500000       697.700012    
