synWTred670_700nm_exc2RPnocycle1nm_revf.ascii                                                                                                                                                           
                                                                                
 Time explicit
 Intervalnr            1
           1
   638.500000       118.219612    
   639.500000       123.429901    
   640.500000       128.789536    
   641.500000       134.291183    
   642.500000       139.925705    
   643.500000       145.681030    
   644.500000       151.543167    
   645.500000       157.494125    
   646.500000       163.513748    
   647.500000       169.577118    
   648.500000       175.655655    
   649.500000       181.715561    
   650.500000       187.718765    
   651.500000       193.620895    
   652.500000       199.371964    
   653.500000       204.915573    
   654.500000       210.187820    
   655.500000       215.118073    
   656.500000       219.627975    
   657.500000       223.631012    
   658.500000       227.033173    
   659.500000       229.733185    
   660.500000       231.622055    
   661.500000       232.585266    
   662.500000       232.503342    
   663.500000       231.254272    
   664.500000       228.716553    
   665.500000       224.772430    
   666.500000       219.313766    
   667.500000       212.247162    
   668.500000       203.500122    
   669.500000       193.018570    
   670.500000       180.742844    
   671.500000       166.535995    
   672.500000       150.063660    
   673.500000       130.652283    
   674.500000       107.192352    
   675.500000       78.1563873    
   676.500000       41.7881317    
   677.500000      -3.58035278    
   678.500000      -59.1403542    
   679.500000      -125.273781    
   680.500000      -201.353317    
   681.500000      -285.765137    
   682.500000      -376.110687    
   683.500000      -469.525604    
   684.500000      -563.014587    
   685.500000      -653.606506    
   686.500000      -738.322632    
   687.500000      -814.250488    
   688.500000      -878.864807    
   689.500000      -930.381897    
   690.500000      -967.807495    
   691.500000      -990.881592    
   692.500000      -1000.00000    
   693.500000      -996.075256    
   694.500000      -980.408752    
   695.500000      -954.556519    
   696.500000      -920.204956    
   697.500000      -879.075256    
   698.500000      -832.834961    
   699.500000      -783.042603    
   700.500000      -731.104736    
   701.500000      -678.251770    
   702.500000      -625.522705    
   703.500000      -573.781677    
   704.500000      -523.708130    
   705.500000      -475.821991    
   706.500000      -430.494019    
   707.500000      -387.978180    
   708.500000      -348.415283    
   709.500000      -311.858917    
   710.500000      -278.295776    
   711.500000      -247.652588    
   712.500000      -219.820999    
   713.500000      -194.657242    
   714.500000      -172.000717    
   715.500000      -151.680008    
   716.500000      -133.516190    
   717.500000      -117.330498    
   718.500000      -102.949455    
   719.500000      -90.2045059    
   720.500000      -78.9363937    
   721.500000      -68.9950943    
   722.500000      -60.2421989    
   723.500000      -52.5495224    
   724.500000      -45.7990799    
   725.500000      -39.8849525    
   726.500000      -34.7100410    
   727.500000      -30.1875839    
   728.500000      -26.2399578    
   729.500000      -22.7974129    
   730.500000      -19.7979393    
   731.500000      -17.1868114    
   732.500000      -14.9153175    
   733.500000      -12.9406929    
   734.500000      -11.2249689    
   735.500000      -9.73506260    
   736.500000      -8.44177628    
   737.500000      -7.31966734    
   738.500000      -6.34631205    
   739.500000      -5.50232601    
   740.500000      -4.77061272    
   741.500000      -4.13639688    
   742.500000      -3.58674240    
   743.500000      -3.11042953    
   744.500000      -2.69768405    
   745.500000      -2.34007573    
   746.500000      -2.03020811    
   747.500000      -1.76170278    
   748.500000      -1.52902782    
   749.500000      -1.32738650    
   750.500000      -1.15261269    
   751.500000      -1.00111651    
   752.500000     -0.869770586    
   753.500000     -0.755882084    
   754.500000     -0.657101154    
   755.500000     -0.571411133    
   756.500000     -0.497056693    
   757.500000     -0.432526350    
   758.500000     -0.376504660    
   759.500000     -0.327854216    
   760.500000     -0.248880386    
   761.500000     -0.285597920    
