synWTred670_700nm_exc2RPnocycle1nm_revg.ascii                                                                                                                                                           
                                                                                
 Time explicit
 Intervalnr            1
           1
   638.500000       151.492844    
   639.500000       163.776733    
   640.500000       176.788391    
   641.500000       190.530304    
   642.500000       204.998154    
   643.500000       220.177841    
   644.500000       236.047104    
   645.500000       252.569885    
   646.500000       269.700592    
   647.500000       287.376892    
   648.500000       305.522095    
   649.500000       324.041016    
   650.500000       342.822357    
   651.500000       361.732910    
   652.500000       380.620483    
   653.500000       399.311584    
   654.500000       417.609436    
   655.500000       435.297211    
   656.500000       452.137146    
   657.500000       467.870056    
   658.500000       482.219971    
   659.500000       494.897369    
   660.500000       505.598236    
   661.500000       514.014954    
   662.500000       519.837402    
   663.500000       522.761963    
   664.500000       522.499023    
   665.500000       518.781860    
   666.500000       511.376251    
   667.500000       500.090485    
   668.500000       484.785950    
   669.500000       465.386230    
   670.500000       441.888855    
   671.500000       414.369293    
   672.500000       382.987274    
   673.500000       347.990753    
   674.500000       309.714966    
   675.500000       268.569000    
   676.500000       225.034531    
   677.500000       179.640656    
   678.500000       132.947586    
   679.500000       85.5169373    
   680.500000       37.8893661    
   681.500000      -9.45363331    
   682.500000      -56.1134109    
   683.500000      -101.793411    
   684.500000      -146.323502    
   685.500000      -189.661224    
   686.500000      -231.879288    
   687.500000      -273.161804    
   688.500000      -313.753448    
   689.500000      -353.935303    
   690.500000      -393.977173    
   691.500000      -434.085724    
   692.500000      -474.392426    
   693.500000      -514.917847    
   694.500000      -555.572327    
   695.500000      -596.170471    
   696.500000      -636.455322    
   697.500000      -676.113403    
   698.500000      -714.809448    
   699.500000      -752.198792    
   700.500000      -787.942810    
   701.500000      -821.717773    
   702.500000      -853.223938    
   703.500000      -882.180908    
   704.500000      -908.343323    
   705.500000      -931.497253    
   706.500000      -951.466980    
   707.500000      -968.110413    
   708.500000      -981.327515    
   709.500000      -991.057190    
   710.500000      -997.276184    
   711.500000           -1000
   712.500000      -999.279724    
   713.500000      -995.200623    
   714.500000      -987.878845    
   715.500000      -977.459534    
   716.500000      -964.111755    
   717.500000      -948.025085    
   718.500000      -929.408569    
   719.500000      -908.483032    
   720.500000      -885.480469    
   721.500000      -860.638000    
   722.500000      -834.198547    
   723.500000      -806.403687    
   724.500000      -777.489319    
   725.500000      -747.691284    
   726.500000      -717.231628    
   727.500000      -686.325378    
   728.500000      -655.177673    
   729.500000      -623.977356    
   730.500000      -592.899353    
   731.500000      -562.106812    
   732.500000      -531.744629    
   733.500000      -501.945190    
   734.500000      -472.820953    
   735.500000      -444.473724    
   736.500000      -416.987305    
   737.500000      -390.434387    
   738.500000      -364.869659    
   739.500000      -340.340607    
   740.500000      -316.877350    
   741.500000      -294.502899    
   742.500000      -273.227753    
   743.500000      -253.054443    
   744.500000      -233.976395    
   745.500000      -215.982803    
   746.500000      -199.052551    
   747.500000      -183.161224    
   748.500000      -168.279800    
   749.500000      -154.375412    
   750.500000      -141.411530    
   751.500000      -129.350632    
   752.500000      -118.152138    
   753.500000      -107.775475    
   754.500000      -98.1777115    
   755.500000      -89.3173981    
   756.500000      -81.1521912    
   757.500000      -73.6411743    
   758.500000      -66.7432938    
   759.500000      -60.4186401    
   760.500000      -49.3383598    
   761.500000      -54.6295547    
