# Filename: guide/20231011step4D_Bulk_RP2_CA_Red_Ant1_RP1_RC_free_clp_free.ascii
 
Time explicit
Intervalnr 1
0.74000001
6.3850000000e+02	2.0699079356e+00
6.3950000000e+02	2.5441826850e+00
6.4050000000e+02	2.6294591633e+00
6.4150000000e+02	2.8093037757e+00
6.4250000000e+02	3.2198285020e+00
6.4350000000e+02	3.8401267168e+00
6.4450000000e+02	4.2746519523e+00
6.4550000000e+02	3.8943052900e+00
6.4650000000e+02	4.1621579173e+00
6.4750000000e+02	3.4560862283e+00
6.4850000000e+02	3.1857326893e+00
6.4950000000e+02	3.9784558707e+00
6.5050000000e+02	2.6952218181e+00
6.5150000000e+02	3.6215964025e+00
6.5250000000e+02	3.5704989279e+00
6.5350000000e+02	2.4101776702e+00
6.5450000000e+02	2.7929124352e+00
6.5550000000e+02	3.0625937911e+00
6.5650000000e+02	2.2966568847e+00
6.5750000000e+02	2.1433360595e+00
6.5850000000e+02	5.7057119574e-01
6.5950000000e+02	1.0660953334e+00
6.6050000000e+02	1.2668101285e+00
6.6150000000e+02	-2.6752391738e-01
6.6250000000e+02	-4.7499159516e-01
6.6350000000e+02	-1.6403330049e-02
6.6450000000e+02	-5.3036997074e-01
6.6550000000e+02	-5.1845434031e-01
6.6650000000e+02	-5.6343881219e-01
6.6750000000e+02	-2.9824813259e+00
6.6850000000e+02	-3.1031462301e+00
6.6950000000e+02	-5.2461042240e+00
6.7050000000e+02	-6.3721605767e+00
6.7150000000e+02	-5.8915237259e+00
6.7250000000e+02	-8.1158735826e+00
6.7350000000e+02	-8.8901152896e+00
6.7450000000e+02	-9.7542718839e+00
6.7550000000e+02	-9.8489075914e+00
6.7650000000e+02	-9.7393386664e+00
6.7750000000e+02	-1.1877096438e+01
6.7850000000e+02	-1.3658843050e+01
6.7950000000e+02	-1.2156219449e+01
6.8050000000e+02	-1.1145317132e+01
6.8150000000e+02	0.0000000000e+00
6.8250000000e+02	0.0000000000e+00
6.8350000000e+02	0.0000000000e+00
6.8450000000e+02	0.0000000000e+00
6.8550000000e+02	0.0000000000e+00
6.8650000000e+02	0.0000000000e+00
6.8750000000e+02	0.0000000000e+00
6.8850000000e+02	0.0000000000e+00
6.8950000000e+02	0.0000000000e+00
6.9050000000e+02	0.0000000000e+00
6.9150000000e+02	0.0000000000e+00
6.9250000000e+02	0.0000000000e+00
6.9350000000e+02	0.0000000000e+00
6.9450000000e+02	0.0000000000e+00
6.9550000000e+02	0.0000000000e+00
6.9650000000e+02	0.0000000000e+00
6.9750000000e+02	0.0000000000e+00
6.9850000000e+02	0.0000000000e+00
6.9950000000e+02	0.0000000000e+00
7.0050000000e+02	0.0000000000e+00
7.0150000000e+02	0.0000000000e+00
7.0250000000e+02	0.0000000000e+00
7.0350000000e+02	0.0000000000e+00
7.0450000000e+02	0.0000000000e+00
7.0550000000e+02	0.0000000000e+00
7.0650000000e+02	0.0000000000e+00
7.0750000000e+02	0.0000000000e+00
7.0850000000e+02	0.0000000000e+00
7.0950000000e+02	0.0000000000e+00
7.1050000000e+02	0.0000000000e+00
7.1150000000e+02	0.0000000000e+00
7.1250000000e+02	0.0000000000e+00
7.1350000000e+02	0.0000000000e+00
7.1450000000e+02	0.0000000000e+00
7.1550000000e+02	0.0000000000e+00
7.1650000000e+02	0.0000000000e+00
7.1750000000e+02	0.0000000000e+00
7.1850000000e+02	0.0000000000e+00
7.1950000000e+02	0.0000000000e+00
7.2050000000e+02	0.0000000000e+00
7.2150000000e+02	0.0000000000e+00
7.2250000000e+02	0.0000000000e+00
7.2350000000e+02	0.0000000000e+00
7.2450000000e+02	0.0000000000e+00
7.2550000000e+02	0.0000000000e+00
7.2650000000e+02	0.0000000000e+00
7.2750000000e+02	0.0000000000e+00
7.2850000000e+02	0.0000000000e+00
7.2950000000e+02	0.0000000000e+00
7.3050000000e+02	0.0000000000e+00
7.3150000000e+02	0.0000000000e+00
7.3250000000e+02	0.0000000000e+00
7.3350000000e+02	0.0000000000e+00
7.3450000000e+02	0.0000000000e+00
7.3550000000e+02	0.0000000000e+00
7.3650000000e+02	0.0000000000e+00
7.3750000000e+02	0.0000000000e+00
7.3850000000e+02	0.0000000000e+00
7.3950000000e+02	0.0000000000e+00
7.4050000000e+02	0.0000000000e+00
7.4150000000e+02	0.0000000000e+00
7.4250000000e+02	0.0000000000e+00
7.4350000000e+02	0.0000000000e+00
7.4450000000e+02	0.0000000000e+00
7.4550000000e+02	0.0000000000e+00
7.4650000000e+02	0.0000000000e+00
7.4750000000e+02	0.0000000000e+00
7.4850000000e+02	0.0000000000e+00
7.4950000000e+02	0.0000000000e+00
7.5050000000e+02	0.0000000000e+00
7.5150000000e+02	0.0000000000e+00
7.5250000000e+02	0.0000000000e+00
7.5350000000e+02	0.0000000000e+00
7.5450000000e+02	0.0000000000e+00
7.5550000000e+02	0.0000000000e+00
7.5650000000e+02	0.0000000000e+00
7.5750000000e+02	0.0000000000e+00
7.5850000000e+02	0.0000000000e+00
7.5950000000e+02	0.0000000000e+00
7.6050000000e+02	0.0000000000e+00
7.6150000000e+02	0.0000000000e+00
