# Filename: guide/20231016global_670TR2_clp_br4.ascii
 
Time explicit
Intervalnr 1
0.74000001
6.3850000000e+02	-9.9881781738e-02
6.3950000000e+02	-8.7421487024e-02
6.4050000000e+02	-4.7486346557e-02
6.4150000000e+02	-1.9644029148e-02
6.4250000000e+02	1.8763066031e-02
6.4350000000e+02	1.9776426361e-02
6.4450000000e+02	6.7421577750e-02
6.4550000000e+02	9.6253446093e-02
6.4650000000e+02	1.2924334846e-01
6.4750000000e+02	1.6136644674e-01
6.4850000000e+02	2.2692094758e-01
6.4950000000e+02	2.0362819856e-01
6.5050000000e+02	2.6023163440e-01
6.5150000000e+02	2.2980358086e-01
6.5250000000e+02	2.1393371478e-01
6.5350000000e+02	2.5513157731e-01
6.5450000000e+02	2.4127127427e-01
6.5550000000e+02	2.1617880477e-01
6.5650000000e+02	2.1520742382e-01
6.5750000000e+02	1.9127038943e-01
6.5850000000e+02	2.2230776054e-01
6.5950000000e+02	1.5537044129e-01
6.6050000000e+02	8.2446763362e-02
6.6150000000e+02	5.5897326380e-02
6.6250000000e+02	9.7561108236e-03
6.6350000000e+02	-8.8432223477e-02
6.6450000000e+02	-1.4945736762e-01
6.6550000000e+02	-2.0890780703e-01
6.6650000000e+02	-2.7253363179e-01
6.6750000000e+02	-2.3859340870e-01
6.6850000000e+02	-3.0732170660e-01
6.6950000000e+02	-3.0727414376e-01
6.7050000000e+02	-3.5318281195e-01
6.7150000000e+02	-5.0512448130e-01
6.7250000000e+02	-6.2656722435e-01
6.7350000000e+02	-8.3722632455e-01
6.7450000000e+02	-1.0842117789e+00
6.7550000000e+02	-1.2975761748e+00
6.7650000000e+02	-1.5898315866e+00
6.7750000000e+02	-1.8071969202e+00
6.7850000000e+02	-2.2517987555e+00
6.7950000000e+02	-2.5846306909e+00
6.8050000000e+02	-2.9887490375e+00
6.8150000000e+02	-3.4724308351e+00
6.8250000000e+02	-3.9117776329e+00
6.8350000000e+02	-4.1544119876e+00
6.8450000000e+02	-4.4203288832e+00
6.8550000000e+02	-4.4260737594e+00
6.8650000000e+02	-4.3736078150e+00
6.8750000000e+02	-3.9169456167e+00
6.8850000000e+02	-3.2559579931e+00
6.8950000000e+02	-2.7480807406e+00
6.9050000000e+02	-2.6642447178e+00
6.9150000000e+02	-1.9412391965e+00
6.9250000000e+02	-1.7889016739e+00
6.9350000000e+02	-1.6875881362e+00
6.9450000000e+02	-1.6731356528e+00
6.9550000000e+02	-1.9395059124e+00
6.9650000000e+02	-2.2181241352e+00
6.9750000000e+02	-2.4619570699e+00
6.9850000000e+02	-3.3073679968e+00
6.9950000000e+02	-3.3208428473e+00
7.0050000000e+02	-3.6358884512e+00
7.0150000000e+02	-3.8009538359e+00
7.0250000000e+02	-3.8702852437e+00
7.0350000000e+02	-4.2574824516e+00
7.0450000000e+02	-4.3277864902e+00
7.0550000000e+02	-3.6939989698e+00
7.0650000000e+02	-3.5956721684e+00
7.0750000000e+02	-3.4976399983e+00
7.0850000000e+02	-3.1409446437e+00
7.0950000000e+02	-3.1973951069e+00
7.1050000000e+02	-2.9954221410e+00
7.1150000000e+02	-2.5377179647e+00
7.1250000000e+02	-2.5080533991e+00
7.1350000000e+02	-2.2747516376e+00
7.1450000000e+02	-2.1007562560e+00
7.1550000000e+02	-2.1297522066e+00
7.1650000000e+02	-1.7179497393e+00
7.1750000000e+02	-1.6140786589e+00
7.1850000000e+02	-1.4854091121e+00
7.1950000000e+02	-1.3096554654e+00
7.2050000000e+02	-1.2442471953e+00
7.2150000000e+02	-1.0999881108e+00
7.2250000000e+02	-9.7755457716e-01
7.2350000000e+02	-8.5028005805e-01
7.2450000000e+02	-7.0974365402e-01
7.2550000000e+02	-6.4739115855e-01
7.2650000000e+02	-7.6384406611e-01
7.2750000000e+02	-5.9020710802e-01
7.2850000000e+02	-4.1142429948e-01
7.2950000000e+02	-3.5336770615e-01
7.3050000000e+02	-3.0476667936e-01
7.3150000000e+02	-2.7195285957e-01
7.3250000000e+02	-1.9241834995e-01
7.3350000000e+02	-8.7209140184e-02
7.3450000000e+02	2.3238478282e-02
7.3550000000e+02	1.0117609784e-01
7.3650000000e+02	8.1094341785e-02
7.3750000000e+02	1.3647522411e-01
7.3850000000e+02	1.5228678216e-01
7.3950000000e+02	2.0143844052e-01
7.4050000000e+02	2.9430029612e-01
7.4150000000e+02	2.6642843268e-01
7.4250000000e+02	2.6289786471e-01
7.4350000000e+02	3.0406714740e-01
7.4450000000e+02	2.9648977404e-01
7.4550000000e+02	3.7801005477e-01
7.4650000000e+02	3.4006986267e-01
7.4750000000e+02	3.6072689143e-01
7.4850000000e+02	3.6907089455e-01
7.4950000000e+02	3.3316525652e-01
7.5050000000e+02	3.9548288108e-01
7.5150000000e+02	3.5676748915e-01
7.5250000000e+02	3.6008126327e-01
7.5350000000e+02	3.7289888025e-01
7.5450000000e+02	3.8525919980e-01
7.5550000000e+02	3.6256731216e-01
7.5650000000e+02	3.4301164994e-01
7.5750000000e+02	3.9249104181e-01
7.5850000000e+02	3.9066035453e-01
7.5950000000e+02	3.7400443547e-01
7.6050000000e+02	4.7105924339e-01
7.6150000000e+02	4.9414714878e-01
