# Filename: guide/20231011step5_Bulk_RP2_CA_Red_Ant1_RP1_RC_free_Red2_clp_RC.ascii
 
Time explicit
Intervalnr 1
0.74000001
6.3850000000e+02	1.3415131858e+00
6.3950000000e+02	1.4670600469e+00
6.4050000000e+02	1.6621732789e+00
6.4150000000e+02	1.7964457667e+00
6.4250000000e+02	1.8617761328e+00
6.4350000000e+02	2.0251914477e+00
6.4450000000e+02	1.8464327783e+00
6.4550000000e+02	2.3028969334e+00
6.4650000000e+02	2.2209050734e+00
6.4750000000e+02	2.4188166010e+00
6.4850000000e+02	2.7229087390e+00
6.4950000000e+02	2.1478926419e+00
6.5050000000e+02	2.8649909433e+00
6.5150000000e+02	2.5487977566e+00
6.5250000000e+02	2.4963784020e+00
6.5350000000e+02	2.6572635482e+00
6.5450000000e+02	2.7145041273e+00
6.5550000000e+02	2.7516399040e+00
6.5650000000e+02	3.1914224017e+00
6.5750000000e+02	3.2197434831e+00
6.5850000000e+02	3.7252004883e+00
6.5950000000e+02	3.6451204119e+00
6.6050000000e+02	3.5276730486e+00
6.6150000000e+02	3.6105199915e+00
6.6250000000e+02	3.2723303294e+00
6.6350000000e+02	3.3347422856e+00
6.6450000000e+02	3.0828203103e+00
6.6550000000e+02	3.2158372601e+00
6.6650000000e+02	3.2163297039e+00
6.6750000000e+02	3.2385520250e+00
6.6850000000e+02	3.3240075730e+00
6.6950000000e+02	3.1679451636e+00
6.7050000000e+02	2.8859434609e+00
6.7150000000e+02	3.0849904820e+00
6.7250000000e+02	2.6015027700e+00
6.7350000000e+02	2.7956919536e+00
6.7450000000e+02	2.7958204236e+00
6.7550000000e+02	2.6900350174e+00
6.7650000000e+02	2.9168429796e+00
6.7750000000e+02	2.4735838823e+00
6.7850000000e+02	3.1819360205e+00
6.7950000000e+02	2.5982765288e+00
6.8050000000e+02	2.4931526486e+00
6.8150000000e+02	4.2651022075e-01
6.8250000000e+02	7.9652386189e-01
6.8350000000e+02	-1.6605526791e+00
6.8450000000e+02	-2.0334961075e+00
6.8550000000e+02	-3.7828595625e+00
6.8650000000e+02	-3.0501485600e+00
6.8750000000e+02	-7.9067972477e+00
6.8850000000e+02	-6.0679122244e+00
6.8950000000e+02	-8.0709801078e+00
6.9050000000e+02	-7.9261639077e+00
6.9150000000e+02	-8.1411379963e+00
6.9250000000e+02	-1.0162648142e+01
6.9350000000e+02	-9.4420745603e+00
6.9450000000e+02	-1.0891250667e+01
6.9550000000e+02	-1.1845033419e+01
6.9650000000e+02	-1.2110433487e+01
6.9750000000e+02	-1.1420280530e+01
6.9850000000e+02	-1.5251580803e+01
6.9950000000e+02	-1.1142196255e+01
7.0050000000e+02	-1.0342147424e+01
7.0150000000e+02	-9.8930514050e+00
7.0250000000e+02	-9.2494590401e+00
7.0350000000e+02	-1.3599782602e+01
7.0450000000e+02	-1.6250147984e+01
7.0550000000e+02	-1.2479000754e+01
7.0650000000e+02	-1.2951382764e+01
7.0750000000e+02	-7.0231605578e+00
7.0850000000e+02	-5.6897424608e+00
7.0950000000e+02	-6.4578408507e+00
7.1050000000e+02	-4.6107394067e+00
7.1150000000e+02	-3.3711413240e+00
7.1250000000e+02	-4.1238520636e+00
7.1350000000e+02	-2.4435056468e+00
7.1450000000e+02	-2.6491062886e+00
7.1550000000e+02	-2.9874332693e+00
7.1650000000e+02	0.0000000000e+00
7.1750000000e+02	0.0000000000e+00
7.1850000000e+02	0.0000000000e+00
7.1950000000e+02	0.0000000000e+00
7.2050000000e+02	0.0000000000e+00
7.2150000000e+02	0.0000000000e+00
7.2250000000e+02	0.0000000000e+00
7.2350000000e+02	0.0000000000e+00
7.2450000000e+02	0.0000000000e+00
7.2550000000e+02	0.0000000000e+00
7.2650000000e+02	0.0000000000e+00
7.2750000000e+02	0.0000000000e+00
7.2850000000e+02	0.0000000000e+00
7.2950000000e+02	0.0000000000e+00
7.3050000000e+02	0.0000000000e+00
7.3150000000e+02	0.0000000000e+00
7.3250000000e+02	0.0000000000e+00
7.3350000000e+02	0.0000000000e+00
7.3450000000e+02	0.0000000000e+00
7.3550000000e+02	0.0000000000e+00
7.3650000000e+02	0.0000000000e+00
7.3750000000e+02	0.0000000000e+00
7.3850000000e+02	0.0000000000e+00
7.3950000000e+02	0.0000000000e+00
7.4050000000e+02	0.0000000000e+00
7.4150000000e+02	0.0000000000e+00
7.4250000000e+02	0.0000000000e+00
7.4350000000e+02	0.0000000000e+00
7.4450000000e+02	0.0000000000e+00
7.4550000000e+02	0.0000000000e+00
7.4650000000e+02	0.0000000000e+00
7.4750000000e+02	0.0000000000e+00
7.4850000000e+02	0.0000000000e+00
7.4950000000e+02	0.0000000000e+00
7.5050000000e+02	0.0000000000e+00
7.5150000000e+02	0.0000000000e+00
7.5250000000e+02	0.0000000000e+00
7.5350000000e+02	0.0000000000e+00
7.5450000000e+02	0.0000000000e+00
7.5550000000e+02	0.0000000000e+00
7.5650000000e+02	0.0000000000e+00
7.5750000000e+02	0.0000000000e+00
7.5850000000e+02	0.0000000000e+00
7.5950000000e+02	0.0000000000e+00
7.6050000000e+02	0.0000000000e+00
7.6150000000e+02	0.0000000000e+00
