# Filename: guide/20231011step5_Bulk_RP2_CA_Red_Ant1_RP1_RC_free_Red2_clp_free.ascii
 
Time explicit
Intervalnr 1
0.74000001
6.3850000000e+02	2.1400647179e+00
6.3950000000e+02	2.6300702892e+00
6.4050000000e+02	2.7143711605e+00
6.4150000000e+02	2.9054512220e+00
6.4250000000e+02	3.3313680324e+00
6.4350000000e+02	3.9677587054e+00
6.4450000000e+02	4.4189508285e+00
6.4550000000e+02	4.0329919512e+00
6.4650000000e+02	4.3073615095e+00
6.4750000000e+02	3.5841130044e+00
6.4850000000e+02	3.2961977709e+00
6.4950000000e+02	4.1327559774e+00
6.5050000000e+02	2.8055543815e+00
6.5150000000e+02	3.7640539073e+00
6.5250000000e+02	3.7208711544e+00
6.5350000000e+02	2.5272530150e+00
6.5450000000e+02	2.9203782920e+00
6.5550000000e+02	3.2006205660e+00
6.5650000000e+02	2.4140742550e+00
6.5750000000e+02	2.2567642510e+00
6.5850000000e+02	6.2582299353e-01
6.5950000000e+02	1.1547540577e+00
6.6050000000e+02	1.3532965560e+00
6.6150000000e+02	-2.1157483480e-01
6.6250000000e+02	-4.2998503349e-01
6.6350000000e+02	5.2149665074e-02
6.6450000000e+02	-4.7356765311e-01
6.6550000000e+02	-4.6197404873e-01
6.6650000000e+02	-4.9507681742e-01
6.6750000000e+02	-2.9889025218e+00
6.6850000000e+02	-3.1099469608e+00
6.6950000000e+02	-5.3223231564e+00
6.7050000000e+02	-6.4858350046e+00
6.7150000000e+02	-5.9854348205e+00
6.7250000000e+02	-8.2825417592e+00
6.7350000000e+02	-9.0782032959e+00
6.7450000000e+02	-9.9780603639e+00
6.7550000000e+02	-1.0070521107e+01
6.7650000000e+02	-9.9754786129e+00
6.7750000000e+02	-1.2173071544e+01
6.7850000000e+02	-1.4014600202e+01
6.7950000000e+02	-1.2480055759e+01
6.8050000000e+02	-1.1466899104e+01
6.8150000000e+02	-8.5781222675e-01
6.8250000000e+02	-4.0315120853e-01
6.8350000000e+02	-6.5766673868e-01
6.8450000000e+02	-4.9936955506e-01
6.8550000000e+02	-4.8583337484e-01
6.8650000000e+02	-2.1252153659e-01
6.8750000000e+02	-8.1271191382e-01
6.8850000000e+02	-4.6803310142e-01
6.8950000000e+02	-6.8513271564e-01
6.9050000000e+02	0.0000000000e+00
6.9150000000e+02	0.0000000000e+00
6.9250000000e+02	0.0000000000e+00
6.9350000000e+02	0.0000000000e+00
6.9450000000e+02	0.0000000000e+00
6.9550000000e+02	0.0000000000e+00
6.9650000000e+02	0.0000000000e+00
6.9750000000e+02	0.0000000000e+00
6.9850000000e+02	0.0000000000e+00
6.9950000000e+02	0.0000000000e+00
7.0050000000e+02	0.0000000000e+00
7.0150000000e+02	0.0000000000e+00
7.0250000000e+02	0.0000000000e+00
7.0350000000e+02	0.0000000000e+00
7.0450000000e+02	0.0000000000e+00
7.0550000000e+02	0.0000000000e+00
7.0650000000e+02	0.0000000000e+00
7.0750000000e+02	0.0000000000e+00
7.0850000000e+02	0.0000000000e+00
7.0950000000e+02	0.0000000000e+00
7.1050000000e+02	0.0000000000e+00
7.1150000000e+02	0.0000000000e+00
7.1250000000e+02	0.0000000000e+00
7.1350000000e+02	0.0000000000e+00
7.1450000000e+02	0.0000000000e+00
7.1550000000e+02	0.0000000000e+00
7.1650000000e+02	0.0000000000e+00
7.1750000000e+02	0.0000000000e+00
7.1850000000e+02	0.0000000000e+00
7.1950000000e+02	0.0000000000e+00
7.2050000000e+02	0.0000000000e+00
7.2150000000e+02	0.0000000000e+00
7.2250000000e+02	0.0000000000e+00
7.2350000000e+02	0.0000000000e+00
7.2450000000e+02	0.0000000000e+00
7.2550000000e+02	0.0000000000e+00
7.2650000000e+02	0.0000000000e+00
7.2750000000e+02	0.0000000000e+00
7.2850000000e+02	0.0000000000e+00
7.2950000000e+02	0.0000000000e+00
7.3050000000e+02	0.0000000000e+00
7.3150000000e+02	0.0000000000e+00
7.3250000000e+02	0.0000000000e+00
7.3350000000e+02	0.0000000000e+00
7.3450000000e+02	0.0000000000e+00
7.3550000000e+02	0.0000000000e+00
7.3650000000e+02	0.0000000000e+00
7.3750000000e+02	0.0000000000e+00
7.3850000000e+02	0.0000000000e+00
7.3950000000e+02	0.0000000000e+00
7.4050000000e+02	0.0000000000e+00
7.4150000000e+02	0.0000000000e+00
7.4250000000e+02	0.0000000000e+00
7.4350000000e+02	0.0000000000e+00
7.4450000000e+02	0.0000000000e+00
7.4550000000e+02	0.0000000000e+00
7.4650000000e+02	0.0000000000e+00
7.4750000000e+02	0.0000000000e+00
7.4850000000e+02	0.0000000000e+00
7.4950000000e+02	0.0000000000e+00
7.5050000000e+02	0.0000000000e+00
7.5150000000e+02	0.0000000000e+00
7.5250000000e+02	0.0000000000e+00
7.5350000000e+02	0.0000000000e+00
7.5450000000e+02	0.0000000000e+00
7.5550000000e+02	0.0000000000e+00
7.5650000000e+02	0.0000000000e+00
7.5750000000e+02	0.0000000000e+00
7.5850000000e+02	0.0000000000e+00
7.5950000000e+02	0.0000000000e+00
7.6050000000e+02	0.0000000000e+00
7.6150000000e+02	0.0000000000e+00
