# Filename: guide/20231016global_670TR2_clp_br3.ascii
 
Time explicit
Intervalnr 1
0.74000001
6.3850000000e+02	6.1445129006e-01
6.3950000000e+02	6.5519576281e-01
6.4050000000e+02	7.1859005303e-01
6.4150000000e+02	7.5948642482e-01
6.4250000000e+02	8.1064196410e-01
6.4350000000e+02	8.7917138707e-01
6.4450000000e+02	9.3901095493e-01
6.4550000000e+02	1.0003637825e+00
6.4650000000e+02	1.0645147118e+00
6.4750000000e+02	1.1467202847e+00
6.4850000000e+02	1.2629882557e+00
6.4950000000e+02	1.2460972533e+00
6.5050000000e+02	1.3585722604e+00
6.5150000000e+02	1.3670140498e+00
6.5250000000e+02	1.3896263035e+00
6.5350000000e+02	1.4691327100e+00
6.5450000000e+02	1.5066075202e+00
6.5550000000e+02	1.5130188547e+00
6.5650000000e+02	1.5370871174e+00
6.5750000000e+02	1.5630422778e+00
6.5850000000e+02	1.5953413449e+00
6.5950000000e+02	1.5005525130e+00
6.6050000000e+02	1.4351795398e+00
6.6150000000e+02	1.3327335692e+00
6.6250000000e+02	1.3068012521e+00
6.6350000000e+02	1.1093479454e+00
6.6450000000e+02	9.8812879249e-01
6.6550000000e+02	8.2118456802e-01
6.6650000000e+02	6.4909636033e-01
6.6750000000e+02	4.9454732299e-01
6.6850000000e+02	3.0511657417e-01
6.6950000000e+02	1.6702512396e-01
6.7050000000e+02	-4.4318765733e-02
6.7150000000e+02	-3.1147452176e-01
6.7250000000e+02	-5.3482672399e-01
6.7350000000e+02	-8.7466717587e-01
6.7450000000e+02	-1.1947797143e+00
6.7550000000e+02	-1.6751384245e+00
6.7650000000e+02	-2.1644047892e+00
6.7750000000e+02	-2.7807869937e+00
6.7850000000e+02	-3.5934334119e+00
6.7950000000e+02	-4.2079595633e+00
6.8050000000e+02	-5.0125512365e+00
6.8150000000e+02	-5.9161709428e+00
6.8250000000e+02	-6.6090332131e+00
6.8350000000e+02	-7.2143704554e+00
6.8450000000e+02	-7.8381423402e+00
6.8550000000e+02	-8.2967689658e+00
6.8650000000e+02	-8.7871355590e+00
6.8750000000e+02	-9.0913236160e+00
6.8850000000e+02	-8.7158430670e+00
6.8950000000e+02	-8.6180614736e+00
6.9050000000e+02	-8.8900840307e+00
6.9150000000e+02	-7.7658103436e+00
6.9250000000e+02	-7.7048994696e+00
6.9350000000e+02	-7.3417908067e+00
6.9450000000e+02	-7.0000082098e+00
6.9550000000e+02	-7.0181927774e+00
6.9650000000e+02	-6.7392537201e+00
6.9750000000e+02	-7.0180401031e+00
6.9850000000e+02	-7.4860259234e+00
6.9950000000e+02	-6.9404912664e+00
7.0050000000e+02	-6.9271950468e+00
7.0150000000e+02	-6.8982789530e+00
7.0250000000e+02	-7.0709899389e+00
7.0350000000e+02	-7.3287546452e+00
7.0450000000e+02	-6.8229385748e+00
7.0550000000e+02	-6.1222398139e+00
7.0650000000e+02	-5.9020362473e+00
7.0750000000e+02	-5.5786168204e+00
7.0850000000e+02	-5.2834055656e+00
7.0950000000e+02	-5.1498223440e+00
7.1050000000e+02	-4.7270945733e+00
7.1150000000e+02	-4.3043855103e+00
7.1250000000e+02	-4.1466392753e+00
7.1350000000e+02	-3.7124577590e+00
7.1450000000e+02	-3.5288885113e+00
7.1550000000e+02	-3.5473698024e+00
7.1650000000e+02	-2.9224615229e+00
7.1750000000e+02	-2.7113179931e+00
7.1850000000e+02	-2.5190520832e+00
7.1950000000e+02	-2.2456977488e+00
7.2050000000e+02	-2.1172960868e+00
7.2150000000e+02	-1.9961133039e+00
7.2250000000e+02	-1.7588318527e+00
7.2350000000e+02	-1.6154250014e+00
7.2450000000e+02	-1.5114264098e+00
7.2550000000e+02	-1.3817360294e+00
7.2650000000e+02	-1.3873747840e+00
7.2750000000e+02	-1.2423905847e+00
7.2850000000e+02	-1.0165443561e+00
7.2950000000e+02	-8.8844387006e-01
7.3050000000e+02	-7.8939429382e-01
7.3150000000e+02	-7.3618048091e-01
7.3250000000e+02	-6.4817685216e-01
7.3350000000e+02	-5.1899235844e-01
7.3450000000e+02	-4.7049072981e-01
7.3550000000e+02	-5.1393416566e-01
7.3650000000e+02	-4.1252459197e-01
7.3750000000e+02	-3.1512112421e-01
7.3850000000e+02	-3.0958587530e-01
7.3950000000e+02	-2.4153020469e-01
7.4050000000e+02	-1.9855890408e-01
7.4150000000e+02	-2.2183341053e-01
7.4250000000e+02	-1.9223919312e-01
7.4350000000e+02	-1.8037804636e-01
7.4450000000e+02	-1.5464936508e-01
7.4550000000e+02	-7.8439992263e-02
7.4650000000e+02	-9.9723219808e-02
7.4750000000e+02	-6.5920510821e-02
7.4850000000e+02	-7.4062699491e-02
7.4950000000e+02	-2.9893606289e-02
7.5050000000e+02	-4.3341056937e-02
7.5150000000e+02	-8.3201630299e-03
7.5250000000e+02	5.7440576166e-03
7.5350000000e+02	1.3536530308e-02
7.5450000000e+02	3.3500323031e-02
7.5550000000e+02	4.6670384208e-02
7.5650000000e+02	7.7242010954e-02
7.5750000000e+02	7.8137356012e-02
7.5850000000e+02	8.7893944927e-02
7.5950000000e+02	1.0797896307e-01
7.6050000000e+02	1.8013226628e-01
7.6150000000e+02	1.7699213528e-01
