# Filename: guide/20231011step5_Bulk_RP2_CA_Red_Ant1_RP1_RC_free_Red2_clp_Red2.ascii
 
Time explicit
Intervalnr 1
0.74000001
6.3850000000e+02	7.3037361541e-01
6.3950000000e+02	8.6685447565e-01
6.4050000000e+02	7.7067694624e-01
6.4150000000e+02	9.8180102231e-01
6.4250000000e+02	1.1954838697e+00
6.4350000000e+02	1.1830574101e+00
6.4450000000e+02	1.4700271779e+00
6.4550000000e+02	1.6541318719e+00
6.4650000000e+02	1.6726475799e+00
6.4750000000e+02	1.7749989642e+00
6.4850000000e+02	1.4236138405e+00
6.4950000000e+02	2.3595375473e+00
6.5050000000e+02	2.0223675195e+00
6.5150000000e+02	2.3659727704e+00
6.5250000000e+02	2.7214578046e+00
6.5350000000e+02	2.6829718271e+00
6.5450000000e+02	2.7700721693e+00
6.5550000000e+02	2.9678744174e+00
6.5650000000e+02	3.0211231357e+00
6.5750000000e+02	3.1567093495e+00
6.5850000000e+02	2.6140066798e+00
6.5950000000e+02	3.4575729022e+00
6.6050000000e+02	3.2182098107e+00
6.6150000000e+02	3.5837947565e+00
6.6250000000e+02	3.4738300418e+00
6.6350000000e+02	3.8819854698e+00
6.6450000000e+02	3.9959380393e+00
6.6550000000e+02	3.9751454879e+00
6.6650000000e+02	4.4924126853e+00
6.6750000000e+02	4.0477126432e+00
6.6850000000e+02	4.1852749017e+00
6.6950000000e+02	3.7780958532e+00
6.7050000000e+02	3.4975998217e+00
6.7150000000e+02	3.7690512142e+00
6.7250000000e+02	3.3329384674e+00
6.7350000000e+02	3.3213690524e+00
6.7450000000e+02	3.0655642413e+00
6.7550000000e+02	3.3713157270e+00
6.7650000000e+02	3.1550308044e+00
6.7750000000e+02	3.4186776203e+00
6.7850000000e+02	3.5287611717e+00
6.7950000000e+02	3.6459095976e+00
6.8050000000e+02	3.3042351979e+00
6.8150000000e+02	6.6228946914e+00
6.8250000000e+02	3.9309287850e+00
6.8350000000e+02	5.4230263888e+00
6.8450000000e+02	4.0476381958e+00
6.8550000000e+02	3.6355959312e+00
6.8650000000e+02	3.9210444000e-01
6.8750000000e+02	6.4694933973e+00
6.8850000000e+02	1.0918564169e+00
6.8950000000e+02	3.2585478619e+00
6.9050000000e+02	1.1142773430e+00
6.9150000000e+02	-2.0489773854e-01
6.9250000000e+02	1.9647369237e+00
6.9350000000e+02	-7.9776988219e-01
6.9450000000e+02	-1.2298543413e+00
6.9550000000e+02	2.7892674339e-02
6.9650000000e+02	-3.7316832744e+00
6.9750000000e+02	-6.0885353756e+00
6.9850000000e+02	7.6593141226e-01
6.9950000000e+02	-3.1123096203e+00
7.0050000000e+02	-3.6758996055e+00
7.0150000000e+02	-4.0521299302e+00
7.0250000000e+02	-1.2305550804e+01
7.0350000000e+02	-1.2188745067e+01
7.0450000000e+02	-1.1274626038e+01
7.0550000000e+02	-1.1183387167e+01
7.0650000000e+02	-1.0587260998e+01
7.0750000000e+02	-6.7120831533e+00
7.0850000000e+02	-7.8880397249e+00
7.0950000000e+02	-5.1971474827e+00
7.1050000000e+02	-7.6865449230e+00
7.1150000000e+02	-9.7877579992e+00
7.1250000000e+02	-5.4017696964e+00
7.1350000000e+02	-8.2921726593e+00
7.1450000000e+02	-6.3507057098e+00
7.1550000000e+02	-4.5931617388e+00
7.1650000000e+02	-1.0100705037e+01
7.1750000000e+02	-6.0407001349e+00
7.1850000000e+02	-6.5808241796e+00
7.1950000000e+02	-7.0967309857e+00
7.2050000000e+02	-5.9510761332e+00
7.2150000000e+02	-6.2242325035e+00
7.2250000000e+02	-6.0260116265e+00
7.2350000000e+02	-5.6255158191e+00
7.2450000000e+02	-5.3645476743e+00
7.2550000000e+02	-4.5543807337e+00
7.2650000000e+02	-4.8623067511e+00
7.2750000000e+02	-6.2040831854e+00
7.2850000000e+02	-5.8117906666e+00
7.2950000000e+02	-3.8255407599e+00
7.3050000000e+02	-3.6403396878e+00
7.3150000000e+02	-3.6103302651e+00
7.3250000000e+02	-3.6241284388e+00
7.3350000000e+02	-3.9741027396e+00
7.3450000000e+02	-2.9910481006e+00
7.3550000000e+02	-1.4327596988e+00
7.3650000000e+02	-2.4456977024e+00
7.3750000000e+02	-1.8378775727e+00
7.3850000000e+02	-1.7609939811e+00
7.3950000000e+02	-1.6846586622e+00
7.4050000000e+02	-1.6341185981e+00
7.4150000000e+02	-1.5520533521e+00
7.4250000000e+02	-1.5274775051e+00
7.4350000000e+02	-1.1350682895e+00
7.4450000000e+02	-1.2341310245e+00
7.4550000000e+02	-9.9836170009e-01
7.4650000000e+02	-1.0857779843e+00
7.4750000000e+02	-1.0395434290e+00
7.4850000000e+02	-6.1295061906e-01
7.4950000000e+02	-7.7211867664e-01
7.5050000000e+02	-5.9411834748e-01
7.5150000000e+02	-5.0477044646e-01
7.5250000000e+02	-5.5432373069e-01
7.5350000000e+02	-3.0764468919e-01
7.5450000000e+02	-3.4278028187e-01
7.5550000000e+02	-2.0449982305e-01
7.5650000000e+02	-2.6027494807e-01
7.5750000000e+02	-2.3191697773e-01
7.5850000000e+02	-3.6042696930e-02
7.5950000000e+02	-6.2763350771e-03
7.6050000000e+02	-3.7951776572e-02
7.6150000000e+02	1.4055177397e-01
